# M=16, N=8, Vp=0.0, t=1.0, n=1, Vstart=-2.0, Vstop=0.0, Vnum=201, PBC
# start time 2022-10-16 02:17:39
#                       V#                 S1(n=1)#                 S2(n=1)                 S3(n=1)#                 S4(n=1)#                 S5(n=1)#                 S6(n=1)#                 S7(n=1)#                 S8(n=1)#                 S9(n=1)#                S10(n=1)#               S1/2(n=1)#               Sinf(n=1)
     -1.000000000000E-02      2.296148341374E-05      3.293772125268E-06      2.470331128102E-06      2.195848489261E-06      2.058606644706E-06      1.976261116976E-06      1.921363747659E-06      1.882151040800E-06      1.852741247976E-06      1.829866730585E-06      2.307244055752E-03      2.686732920587E-07
     -2.000000000000E-02      8.286021602855E-05      1.320151420448E-05      9.901168330995E-06      8.801015941362E-06      8.250931280429E-06      7.920873711598E-06      7.700829688151E-06      7.543650548225E-06      7.425761960445E-06      7.334067074094E-06      4.611596582398E-03      1.070284290972E-06
     -3.000000000000E-02      1.746994066987E-04      2.976320086390E-05      2.232256674795E-05      1.984216654360E-05      1.860192330838E-05      1.785774286356E-05      1.736159381416E-05      1.700717699116E-05      1.674134280982E-05      1.653456372308E-05      6.913076085624E-03      2.398225258382E-06
     -4.000000000000E-02      2.958741961159E-04      5.301922577017E-05      3.976494641611E-05      3.534625324564E-05      3.313676946348E-05      3.181096945282E-05      3.092701132923E-05      3.029553428568E-05      2.982185791822E-05      2.945338200311E-05      9.211696692644E-03      4.245883615805E-06
     -5.000000000000E-02      4.445965448960E-04      8.301040215297E-05      6.225909369739E-05      5.534051791267E-05      5.188089290487E-05      4.980484827222E-05      4.842059383225E-05      4.743164808030E-05      4.668977026334E-05      4.611260440646E-05      1.150747226920E-02      6.606644783247E-06
     -6.000000000000E-02      6.195091012811E-04      1.197779766118E-04      8.983617269198E-05      7.985250033249E-05      7.485996058021E-05      7.186387406133E-05      6.986601417891E-05      6.843856953376E-05      6.736763442694E-05      6.653437235782E-05      1.380041724619E-02      9.473890854039E-06
     -7.000000000000E-02      8.195220022618E-04      1.633636269327E-04      1.225277246837E-04      1.089100365648E-04      1.020998805608E-04      9.801273788668E-05      9.528710192797E-05      9.333946984924E-05      9.187809023237E-05      9.074087895611E-05      1.609054578808E-02      1.284100167531E-05
     -8.000000000000E-02      1.043727899924E-03      2.138094677027E-04      1.603656734654E-04      1.425412624827E-04      1.336268042218E-04      1.282763281392E-04      1.247078432574E-04      1.221576391579E-04      1.202438606307E-04      1.187543658934E-04      1.837787199510E-02      1.670135505982E-05
     -9.000000000000E-02      1.291351934230E-03      2.711580543968E-04      2.033823295449E-04      1.807746162958E-04      1.694671274359E-04      1.626797305585E-04      1.581523799015E-04      1.549164844241E-04      1.524877486054E-04      1.505971193785E-04      2.066240989938E-02      2.104832708794E-05
     -1.000000000000E-01      1.561719771405E-03      3.354523892538E-04      2.516103957171E-04      2.236388422636E-04      2.096474928455E-04      2.012482292670E-04      1.956450090441E-04      1.916395282544E-04      1.886326349374E-04      1.862914668913E-04      2.294417351420E-02      2.587529232034E-05
     -1.100000000000E-01      1.854235901349E-03      4.067359189830E-04      3.050829665456E-04      2.711629889620E-04      2.541947870034E-04      2.440073028422E-04      2.372101783603E-04      2.323504029338E-04      2.287014712508E-04      2.258597692486E-04      2.522317663722E-02      3.117562458010E-05
     -1.200000000000E-01      2.168368341997E-03      4.850525588633E-04      3.638335476643E-04      3.233764251420E-04      3.031361539638E-04      2.909826361512E-04      2.828724963506E-04      2.770728594070E-04      2.727172877437E-04      2.693244271503E-04      2.749943346691E-02      3.694269844789E-05
     -1.300000000000E-01      2.503637159250E-03      5.704466524374E-04      4.278960268000E-04      3.803088126486E-04      3.564989685971E-04      3.422000934927E-04      3.326567050350E-04      3.258307393730E-04      3.207031645820E-04      3.167078518147E-04      2.977295718878E-02      4.316988398001E-05
     -1.400000000000E-01      2.859606136891E-03      6.629630288435E-04      4.973047180683E-04      4.419901444335E-04      4.143108708754E-04      3.976857502330E-04      3.865877094760E-04      3.786480030050E-04      3.726822580217E-04      3.680324896380E-04      3.204376171572E-02      4.985055420903E-05
     -1.500000000000E-01      3.235876048350E-03      7.626469808635E-04      5.720943468273E-04      5.084507297073E-04      4.765997505820E-04      4.574658768171E-04      4.446905609741E-04      4.355487112697E-04      4.286777818128E-04      4.233208026654E-04      3.431186077186E-02      5.697808317384E-05
     -1.600000000000E-01      3.632079432575E-03      8.695442704192E-04      6.523000551542E-04      5.797211973904E-04      5.433937491288E-04      5.215669391689E-04      5.069904561688E-04      4.965570237960E-04      4.887130038855E-04      4.825952641272E-04      3.657726795497E-02      6.454584512339E-05
     -1.700000000000E-01      4.047876400652E-03      9.837011353304E-04      7.379574083011E-04      6.558325004011E-04      6.147212621270E-04      5.900155997844E-04      5.735127367719E-04      5.616971973290E-04      5.528112435811E-04      5.458783544898E-04      3.883999681085E-02      7.254721568595E-05
     -1.800000000000E-01      4.482951228500E-03      1.105164300252E-03      8.291024043210E-04      7.368159227288E-04      6.906109445182E-04      6.628387212353E-04      6.442828916136E-04      6.309935864217E-04      6.209958710519E-04      6.131925596167E-04      4.110006091144E-02      8.097557376452E-05
     -1.900000000000E-01      4.937009459563E-03      1.233980960529E-03      9.257714634097E-04      8.227030684620E-04      7.710916987742E-04      7.400633534034E-04      7.193265428556E-04      7.044706285941E-04      6.932902913634E-04      6.845603538079E-04      4.335747355641E-02      8.982428788729E-05
     -2.000000000000E-01      5.409775611119E-03      1.370198808297E-03      1.028001448980E-03      9.135258789592E-04      8.561926894073E-04      8.217167459081E-04      7.986694566307E-04      7.821528533705E-04      7.697179520423E-04      7.600042059481E-04      4.561224823559E-02      9.908675753190E-05
     -2.100000000000E-01      5.900991174961E-03      1.513866037760E-03      1.135829673152E-03      1.009316636145E-03      9.459433444405E-04      9.078263479894E-04      8.823375414666E-04      8.640648793201E-04      8.503023387991E-04      8.395465739537E-04      4.786439833042E-02      1.087563637068E-04
     -2.200000000000E-01      6.410412880792E-03      1.665031337577E-03      1.249293892600E-03      1.110107957223E-03      1.040373348801E-03      9.984198006037E-04      9.703568391113E-04      9.502314036394E-04      9.350669638821E-04      9.232098919263E-04      5.011393711097E-02      1.188264873995E-04
     -2.300000000000E-01      6.937811236408E-03      1.823743893241E-03      1.368432311949E-03      1.215932796037E-03      1.139512643905E-03      1.093524934426E-03      1.062753521061E-03      1.040677197278E-03      1.024035359865E-03      1.011016562641E-03      5.236087790151E-02      1.292905344052E-04
     -2.400000000000E-01      7.482969319658E-03      1.990053411769E-03      1.493283603940E-03      1.326824459300E-03      1.243391441096E-03      1.193169781077E-03      1.159553897881E-03      1.135427112540E-03      1.117231085645E-03      1.102988962041E-03      5.460523396590E-02      1.401418990152E-04
     -2.500000000000E-01      8.045681636014E-03      2.164010110349E-03      1.623886902595E-03      1.442816598809E-03      1.352040212569E-03      1.297382562738E-03      1.260784407513E-03      1.234506070094E-03      1.214677712189E-03      1.199149423733E-03      5.684701853695E-02      1.513739859513E-04
     -2.600000000000E-01      8.625753250213E-03      2.345664754348E-03      1.760281833479E-03      1.563943236536E-03      1.465489713003E-03      1.406191711132E-03      1.366471632031E-03      1.337939073768E-03      1.316398835523E-03      1.299520250310E-03      5.908624503004E-02      1.629802091889E-04
     -2.700000000000E-01      9.222998591155E-03      2.535068536617E-03      1.902508424835E-03      1.690238684041E-03      1.583770902303E-03      1.519625791757E-03      1.476642222468E-03      1.445751135455E-03      1.422418001430E-03      1.404123637639E-03      6.132292612242E-02      1.749539779423E-04
     -2.800000000000E-01      9.837241318771E-03      2.732273303633E-03      2.050607279198E-03      1.821737692833E-03      1.706915084299E-03      1.637713634899E-03      1.591323024142E-03      1.557967395933E-03      1.532758822496E-03      1.512981788650E-03      6.355707537119E-02      1.872887246592E-04
     -2.900000000000E-01      1.046831313839E-02      2.937331373577E-03      2.204619438649E-03      1.958475333018E-03      1.834953791253E-03      1.760484223147E-03      1.710540965784E-03      1.674613014807E-03      1.647444868397E-03      1.626116803657E-03      6.578870585295E-02      1.999778824522E-04
     -3.000000000000E-01      1.111605343482E-02      3.150295624005E-03      2.364586452544E-03      2.100487051443E-03      1.967918836192E-03      1.887966739586E-03      1.834323104448E-03      1.795713212650E-03      1.766499705604E-03      1.743550717872E-03      6.801783075642E-02      2.130148911030E-04
     -3.100000000000E-01      1.178030860209E-02      3.371219444454E-03      2.530550343859E-03      2.247808639950E-03      2.105842281157E-03      2.020190535451E-03      1.962696592306E-03      1.921293236810E-03      1.889946862133E-03      1.865305465060E-03      7.024446306515E-02      2.263931996431E-04
     -3.200000000000E-01      1.246093177131E-02      3.600156821085E-03      2.702553674764E-03      2.400476291490E-03      2.248756487484E-03      2.157185176225E-03      2.095688719400E-03      2.051378401322E-03      2.017809864954E-03      1.991402912701E-03      7.246861601796E-02      2.401062762925E-04
     -3.300000000000E-01      1.315778219264E-02      3.837162271239E-03      2.880639499500E-03      2.558526556346E-03      2.396694072687E-03      2.298980398293E-03      2.233326869682E-03      2.185994042116E-03      2.150112194262E-03      2.121864815252E-03      7.469030268176E-02      2.541475843811E-04
     -3.400000000000E-01      1.387072494582E-02      4.082290887562E-03      3.064851399624E-03      2.721996371300E-03      2.549687935458E-03      2.445606130764E-03      2.375638540157E-03      2.325165533814E-03      2.286877298146E-03      2.256712826863E-03      7.690953621473E-02      2.685106123250E-04
     -3.500000000000E-01      1.459963061290E-02      4.335598355240E-03      3.255233499102E-03      2.890923070891E-03      2.707771263847E-03      2.597092501099E-03      2.522651344272E-03      2.468918291078E-03      2.428128592044E-03      2.395968499067E-03      7.912632990312E-02      2.831888556338E-04
     -3.600000000000E-01      1.534437468461E-02      4.597140852217E-03      3.451830391503E-03      3.065344320790E-03      2.870977470657E-03      2.753469771092E-03      2.674392947817E-03      2.617277704063E-03      2.573889393554E-03      2.539653214825E-03      8.134069658612E-02      2.981758258498E-04
     -3.700000000000E-01      1.610483768687E-02      4.866975219213E-03      3.654687270037E-03      3.245298230776E-03      3.039340296519E-03      2.914768433181E-03      2.830891160050E-03      2.770269225322E-03      2.724183005731E-03      2.687788268666E-03      8.355264958226E-02      3.134650458398E-04
     -3.800000000000E-01      1.688090462843E-02      5.145158856426E-03      3.863849852211E-03      3.430823285760E-03      3.212893742956E-03      3.081019144063E-03      2.992173867202E-03      2.927918302824E-03      2.879032649427E-03      2.840394798233E-03      8.576220207235E-02      3.290500542987E-04
     -3.900000000000E-01      1.767246485860E-02      5.431749772040E-03      4.079364418660E-03      3.621958377876E-03      3.391672099745E-03      3.252252748448E-03      3.158269053201E-03      3.090250398028E-03      3.038461478984E-03      2.997493797807E-03      8.796936732377E-02      3.449244028615E-04
     -4.000000000000E-01      1.847941183024E-02      5.726806582270E-03      4.301277815598E-03      3.818742806346E-03      3.575709942197E-03      3.428500274018E-03      3.329204792516E-03      3.257290976771E-03      3.202492571286E-03      3.159106105636E-03      9.017415875329E-02      3.610816780957E-04
     -4.100000000000E-01      1.930164250906E-02      6.030388365488E-03      4.529637347561E-03      4.021216180265E-03      3.765042037768E-03      3.609792839717E-03      3.505009159099E-03      3.429065418306E-03      3.371148834590E-03      3.325252312385E-03      9.237658891484E-02      3.775154405048E-04
     -4.200000000000E-01      2.013905811780E-02      6.342555051310E-03      4.764491072601E-03      4.229418677166E-03      3.959703584369E-03      3.796161880686E-03      3.685710441452E-03      3.605599222551E-03      3.544453209282E-03      3.495952956314E-03      9.457667177740E-02      3.942193278097E-04
     -4.300000000000E-01      2.099156292082E-02      6.663366997568E-03      5.005887486699E-03      4.443390761567E-03      4.159729945119E-03      3.987638892395E-03      3.871336892782E-03      3.786917764404E-03      3.722428425212E-03      3.671228282919E-03      9.677442040808E-02      4.111869347261E-04
     -4.400000000000E-01      2.185906476102E-02      6.992885298088E-03      5.253875757915E-03      4.663173389422E-03      4.365156835996E-03      4.184255607023E-03      4.061916898966E-03      3.973046454956E-03      3.905097157252E-03      3.851098395600E-03      9.896984831533E-02      4.284119450024E-04
     -4.500000000000E-01      2.274147449767E-02      7.331171606854E-03      5.508505596892E-03      4.888807891139E-03      4.576020213833E-03      4.386043883825E-03      4.257478870025E-03      4.164010633426E-03      4.092481917326E-03      4.035583147581E-03      1.011629688808E-01      4.458879996712E-04
     -4.600000000000E-01      2.363870615249E-02      7.678288276031E-03      5.769827363441E-03      5.120336063095E-03      4.792356358472E-03      4.593035784593E-03      4.458051310346E-03      4.359835633013E-03      4.284605116491E-03      4.224702200664E-03      1.033537957500E-01      4.636088055148E-04
     -4.700000000000E-01      2.455067647400E-02      8.034298230325E-03      6.037891974876E-03      5.357800084063E-03      5.014201791810E-03      4.805263493579E-03      4.663662738679E-03      4.560546700572E-03      4.481488984091E-03      4.418474943780E-03      1.055423422663E-01      4.815680594805E-04
     -4.800000000000E-01      2.547730506977E-02      8.399265080622E-03      6.312750994465E-03      5.601242590634E-03      5.241593344829E-03      5.022759378436E-03      4.874341744235E-03      4.766169048650E-03      4.683155616283E-03      4.616920538417E-03      1.077286221303E-01      4.997595207077E-04
     -4.900000000000E-01      2.641851422397E-02      8.773253110143E-03      6.594456624033E-03      5.850706667812E-03      5.474568145413E-03      5.245555975431E-03      5.090116969485E-03      4.976727836045E-03      4.889626954516E-03      4.820057895181E-03      1.099126490790E-01      5.181769486189E-04
     -5.000000000000E-01      2.737422875402E-02      9.156327262108E-03      6.883061697746E-03      6.106235840781E-03      5.713163607346E-03      5.473685975869E-03      5.311017094218E-03      5.192248149686E-03      5.100924765421E-03      5.027905651882E-03      1.120944369379E-01      5.368141388460E-04
     -5.100000000000E-01      2.834437585991E-02      9.548553124386E-03      7.178619673700E-03      6.367874064665E-03      5.957417417353E-03      5.707182210575E-03      5.537070817659E-03      5.412754984579E-03      5.317070618768E-03      5.240482149679E-03      1.142739995017E-01      5.556649075920E-04
     -5.200000000000E-01      2.932888528857E-02      9.949997061661E-03      7.481184736739E-03      6.635665812082E-03      6.207367612742E-03      5.946077720337E-03      5.768306923189E-03      5.638273303734E-03      5.538085943255E-03      5.457805485234E-03      1.164513509544E-01      5.747231009443E-04
     -5.300000000000E-01      3.032768865680E-02      1.036072593494E-02      7.790811590377E-03      6.909655887177E-03      6.463052405287E-03      6.190405585285E-03      6.004754111176E-03      5.868827873356E-03      5.763991863449E-03      5.679893349071E-03      1.186265051415E-01      5.939826530330E-04
     -5.400000000000E-01      3.134071989462E-02      1.078080736908E-02      8.107555661778E-03      7.189889602878E-03      6.724510341854E-03      6.440199073948E-03      6.246441139133E-03      6.104443395735E-03      5.994809326519E-03      5.906763146947E-03      1.207994760141E-01      6.134373941911E-04
     -5.500000000000E-01      3.236791533644E-02      1.121030984285E-02      8.431473173208E-03      7.476412840732E-03      6.991780356089E-03      6.695491688822E-03      6.493396862349E-03      6.345144545705E-03      6.230559135072E-03      6.138432029533E-03      1.229702782267E-01      6.330813095556E-04
     -5.600000000000E-01      3.340921309513E-02      1.164930242683E-02      8.762620948001E-03      7.769271877056E-03      7.264901603204E-03      6.956317005818E-03      6.745650076144E-03      6.590955814761E-03      6.471261792645E-03      6.374916739019E-03      1.251389261709E-01      6.529083807143E-04
     -5.700000000000E-01      3.446455307441E-02      1.209785482671E-02      9.101056446724E-03      8.068513411750E-03      7.543913482831E-03      7.222708692405E-03      7.003229530118E-03      6.841901521979E-03      6.716937511741E-03      6.616233614653E-03      1.273054341612E-01      6.729126246552E-04
     -5.800000000000E-01      3.553387731004E-02      1.255603759832E-02      9.446837933244E-03      8.374184710869E-03      7.828855766854E-03      7.494700624960E-03      7.266164037323E-03      7.098005916464E-03      6.967606310557E-03      6.862398684520E-03      1.294698169799E-01      6.930880946614E-04
     -5.900000000000E-01      3.661712956173E-02      1.302392198071E-02      9.800024352569E-03      8.686333496084E-03      8.119768492853E-03      7.772326783877E-03      7.534482370079E-03      7.359293073432E-03      7.223287909184E-03      7.113427561841E-03      1.316320894258E-01      7.134288906134E-04
     -6.000000000000E-01      3.771425532380E-02      1.350157993675E-02      1.016067536541E-02      9.005007971710E-03      8.416691984798E-03      8.055621269214E-03      7.808213271425E-03      7.625786902095E-03      7.484001734415E-03      7.369335447145E-03      1.337922664252E-01      7.339291415192E-04
     -6.100000000000E-01      3.882520184560E-02      1.398908420321E-02      1.052885139006E-02      9.330256858066E-03      8.719666879485E-03      8.344618321672E-03      8.087385471593E-03      7.897511158317E-03      7.749766929144E-03      7.630137134893E-03      1.359503631109E-01      7.545830252922E-04
     -6.200000000000E-01      3.994991826564E-02      1.448650840158E-02      1.090461369020E-02      9.662129464807E-03      9.028734189549E-03      8.639352377847E-03      8.372027737025E-03      8.174489488421E-03      8.020602391735E-03      7.895847049032E-03      1.381063950229E-01      7.753847536316E-04
     -6.300000000000E-01      4.108835455417E-02      1.499392649313E-02      1.128802396750E-02      1.000067533106E-02      9.343934967001E-03      8.939857748334E-03      8.662168558852E-03      8.456745125788E-03      8.296526479452E-03      8.166478952513E-03      1.402603770871E-01      7.963286079571E-04
     -6.400000000000E-01      4.224046301396E-02      1.551141363352E-02      1.167914501147E-02      1.034594479053E-02      9.665310819692E-03      9.246169101077E-03      8.957836611208E-03      8.744301328941E-03      8.577557429486E-03      8.442046353518E-03      1.424123252105E-01      8.174088912081E-04
     -6.500000000000E-01      4.340619747579E-02      1.603904576478E-02      1.207804039588E-02      1.069798870196E-02      9.992903657572E-03      9.558321217052E-03      9.259060513407E-03      9.037181148720E-03      8.863713130328E-03      8.722562280633E-03      1.445622556141E-01      8.386199738042E-04
     -6.600000000000E-01      4.458551292078E-02      1.657689945386E-02      1.248477436128E-02      1.105685834315E-02      1.032675559033E-02      9.876348889427E-03      9.565868729858E-03      9.335407328695E-03      9.155011022678E-03      9.008039184379E-03      1.467101841446E-01      8.599562590903E-04
     -6.700000000000E-01      4.577836561958E-02      1.712505197591E-02      1.289941188223E-02      1.142260546574E-02      1.066690897262E-02      1.020028696135E-02      9.878289601863E-03      9.639002331995E-03      9.451468122121E-03      9.298488956424E-03      1.488561268333E-01      8.814121931122E-04
     -6.800000000000E-01      4.698471270608E-02      1.768358109128E-02      1.332201850372E-02      1.179528215063E-02      1.101340626762E-02      1.053017019450E-02      1.019635121983E-02      9.947988216616E-03      9.753100897329E-03      9.593922810705E-03      1.510000993805E-01      9.029822870441E-04
     -6.900000000000E-01      4.820451426189E-02      1.825256628520E-02      1.375266128330E-02      1.217494162322E-02      1.136629078848E-02      1.086603395943E-02      1.052008207432E-02      1.026238725423E-02      1.005992586131E-02      9.894351850442E-03      1.531421195046E-01      9.246611395985E-04
     -7.000000000000E-01      4.943773103639E-02      1.883208750006E-02      1.419140783808E-02      1.256163741976E-02      1.172560592793E-02      1.120791350694E-02      1.084951035874E-02      1.058222125843E-02      1.037195892168E-02      1.019978643822E-02      1.552822043280E-01      9.464433726651E-04
     -7.100000000000E-01      5.068432420995E-02      1.942222501132E-02      1.463832625536E-02      1.295542330653E-02      1.209139507953E-02      1.155584388984E-02      1.118466389137E-02      1.090751150699E-02      1.068921530347E-02      1.051023611968E-02      1.574203701354E-01      9.683236204356E-04
     -7.200000000000E-01      5.194425719946E-02      2.002306046442E-02      1.509348588235E-02      1.335635396233E-02      1.246370225683E-02      1.190986053828E-02      1.152557065691E-02      1.123827925587E-02      1.101171003957E-02      1.082571009345E-02      1.595566351679E-01      9.902967207012E-04
     -7.300000000000E-01      5.321749443733E-02      2.063467625844E-02      1.555695686563E-02      1.376448457476E-02      1.284257171849E-02      1.226999890349E-02      1.187225846429E-02      1.157454540860E-02      1.133945765055E-02      1.114621690052E-02      1.616910170372E-01      1.012357445352E-03
     -7.400000000000E-01      5.450400145642E-02      2.125715557388E-02      1.602881017747E-02      1.417987085844E-02      1.322804797838E-02      1.263629446130E-02      1.222475494477E-02      1.191633051008E-02      1.167247213482E-02      1.147176441180E-02      1.638235337516E-01      1.034500668282E-03
     -7.500000000000E-01      5.580374517158E-02      2.189058257491E-02      1.650911777486E-02      1.460256918930E-02      1.362017592259E-02      1.300878281637E-02      1.258308764637E-02      1.226365483294E-02      1.201076704867E-02      1.180235990283E-02      1.659542038075E-01      1.056721310501E-03
     -7.600000000000E-01      5.711669408397E-02      2.253504256637E-02      1.699795272467E-02      1.503263670874E-02      1.401900089813E-02      1.338749977935E-02      1.294728410176E-02      1.261653843819E-02      1.235435556080E-02      1.213801010352E-02      1.680830464428E-01      1.079014430651E-03
     -7.700000000000E-01      5.844281563188E-02      2.319062037048E-02      1.749538797762E-02      1.547013025812E-02      1.442456773521E-02      1.377248044871E-02      1.331737095615E-02      1.297500034136E-02      1.270324965223E-02      1.247872042884E-02      1.702100790641E-01      1.101375083065E-03
     -7.800000000000E-01      5.978208135588E-02      2.385740355314E-02      1.800149882325E-02      1.591510850052E-02      1.483692267571E-02      1.416376100509E-02      1.369337565788E-02      1.333906011748E-02      1.305746164759E-02      1.282449644475E-02      1.723353223280E-01      1.123798459552E-03
     -7.900000000000E-01      6.113446234515E-02      2.453547961782E-02      1.851636076577E-02      1.636763007664E-02      1.525611168454E-02      1.456137712865E-02      1.407532495759E-02      1.370873646835E-02      1.341700284184E-02      1.317534254879E-02      1.744587957266E-01      1.146279777893E-03
     -8.000000000000E-01      6.249993140297E-02      2.522493738443E-02      1.904005057834E-02      1.682775451364E-02      1.568218127168E-02      1.496536476049E-02      1.446324562273E-02      1.408404789850E-02      1.378188414349E-02      1.353126258481E-02      1.765805197136E-01      1.168814358871E-03
     -8.100000000000E-01      6.387846145909E-02      2.592586598491E-02      1.957264554521E-02      1.729554156604E-02      1.611517788597E-02      1.537575953204E-02      1.485716389469E-02      1.446501219592E-02      1.415211557650E-02      1.389225936458E-02      1.787005143158E-01      1.191397605317E-03
     -8.200000000000E-01      6.527002732123E-02      2.663835602470E-02      2.011422435277E-02      1.777105198131E-02      1.655514860437E-02      1.579259740049E-02      1.525710608248E-02      1.485164699145E-02      1.452770681051E-02      1.425833517271E-02      1.808188005846E-01      1.214024970682E-03
     -8.300000000000E-01      6.667460474473E-02      2.736249898691E-02      2.066486664275E-02      1.825434710930E-02      1.700214076947E-02      1.621591430475E-02      1.566309823307E-02      1.524396944157E-02      1.490866685533E-02      1.462949147248E-02      1.829354000345E-01      1.236692039087E-03
     -8.400000000000E-01      6.809217084409E-02      2.809838752648E-02      2.122465324348E-02      1.874548909756E-02      1.745620215967E-02      1.664574631721E-02      1.607516626900E-02      1.564199635490E-02      1.529500417842E-02      1.500572901626E-02      1.850503349654E-01      1.259394532173E-03
     -8.500000000000E-01      6.952270259036E-02      2.884611451837E-02      2.179366545303E-02      1.924454026942E-02      1.791738041813E-02      1.708212910739E-02      1.649333547948E-02      1.604574370693E-02      1.568672624133E-02      1.538704740249E-02      1.871636267995E-01      1.282128068571E-03
     -8.600000000000E-01      7.096617918345E-02      2.960577459912E-02      2.237198621950E-02      1.975156413698E-02      1.838572396404E-02      1.752509878118E-02      1.691763130353E-02      1.645522737690E-02      1.608384019708E-02      1.577344573851E-02      1.892752988224E-01      1.304888556240E-03
     -8.700000000000E-01      7.242258044412E-02      3.037746315263E-02      2.295969937732E-02      2.026662473852E-02      1.886128138405E-02      1.797469130912E-02      1.734807878738E-02      1.687046263053E-02      1.648635239604E-02      1.616492216849E-02      1.913853743748E-01      1.327671935970E-03
     -8.800000000000E-01      7.389188785717E-02      3.116127701740E-02      2.355689019383E-02      2.078978710374E-02      1.934410184502E-02      1.843094290115E-02      1.778470292990E-02      1.729146444150E-02      1.689426868751E-02      1.656147415831E-02      1.934938779223E-01      1.350474257767E-03
     -8.900000000000E-01      7.537408198559E-02      3.195731275760E-02      2.416364406002E-02      2.132111612728E-02      1.983423407088E-02      1.889388905627E-02      1.822752779019E-02      1.771824664913E-02      1.730759362274E-02      1.696309774079E-02      1.956008327220E-01      1.373291648956E-03
     -9.000000000000E-01      7.686914688470E-02      3.276566966853E-02      2.478004878911E-02      2.186067853498E-02      2.033172810723E-02      1.936356618290E-02      1.867657799450E-02      1.815082337049E-02      1.772633178479E-02      1.736978877258E-02      1.977062647866E-01      1.396120374401E-03
     -9.100000000000E-01      7.837706531552E-02      3.358644650352E-02      2.540619213044E-02      2.240854074949E-02      2.083663339043E-02      1.984000981208E-02      1.913187706434E-02      1.858920742677E-02      1.815048630298E-02      1.778154152969E-02      1.998101989362E-01      1.418956789909E-03
     -9.200000000000E-01      7.989782274846E-02      3.441974428112E-02      2.604216391860E-02      2.296477072679E-02      2.134900039323E-02      2.032325610626E-02      1.959344881734E-02      1.903341165418E-02      1.858006008573E-02      1.819834987132E-02      2.019126618674E-01      1.441797371421E-03
     -9.300000000000E-01      8.143140516414E-02      3.526566478048E-02      2.668805493569E-02      2.352943697850E-02      2.186887973710E-02      2.081334103523E-02      2.006131659461E-02      1.948344817615E-02      1.901505513401E-02      1.862020659210E-02      2.040136803079E-01      1.464638577998E-03
     -9.400000000000E-01      8.297779932461E-02      3.612431065048E-02      2.734395700246E-02      2.410260864299E-02      2.239632224511E-02      2.131030041478E-02      2.053550328880E-02      1.993932842376E-02      1.945547255661E-02      1.904710343443E-02      2.061132823014E-01      1.487477391398E-03
     -9.500000000000E-01      8.453699333409E-02      3.699578597107E-02      2.800996341787E-02      2.468435586295E-02      2.293137927850E-02      2.181417021417E-02      2.101603162986E-02      2.040106340487E-02      1.990131282633E-02      1.947903133478E-02      2.082114958284E-01      1.510310489926E-03
     -9.600000000000E-01      8.610897598394E-02      3.788019564914E-02      2.868616850749E-02      2.527474938988E-02      2.347410236744E-02      2.232498620413E-02      2.150292384755E-02      2.086866338038E-02      2.035257547027E-02      1.991598012847E-02      2.103083502917E-01      1.533134874305E-03
     -9.700000000000E-01      8.769373761338E-02      3.877764617483E-02      2.937266821058E-02      2.587386108642E-02      2.402454365802E-02      2.284278436426E-02      2.199620204858E-02      2.134213821761E-02      2.080925940404E-02      2.035793886838E-02      2.124038755118E-01      1.555947651783E-03
     -9.800000000000E-01      8.929126875023E-02      3.968824452700E-02      3.006955925416E-02      2.648176321363E-02      2.458275526055E-02      2.336760027405E-02      2.249588764316E-02      2.182149684890E-02      2.127136242090E-02      2.080489534407E-02      2.144981019894E-01      1.578745989510E-03
     -9.900000000000E-01      9.090156177277E-02      4.061209950683E-02      3.077694018372E-02      2.709852931064E-02      2.514879003311E-02      2.389946982720E-02      2.300200200531E-02      2.230674788788E-02      2.173888177110E-02      2.125683662937E-02      2.165910613039E-01      1.601527211116E-03
     -1.000000000000E+00      9.252460997784E-02      4.154932097648E-02      3.149491079286E-02      2.772423370236E-02      2.572270112938E-02      2.443842880744E-02      2.351456607270E-02      2.279789925202E-02      2.221181380679E-02      2.171374875010E-02      2.186827862035E-01      1.624289096317E-03
     -1.010000000000E+00      9.416040747621E-02      4.250001984996E-02      3.222357212540E-02      2.835895149643E-02      2.630454198592E-02      2.498451286830E-02      2.403360032188E-02      2.329495813619E-02      2.269015395656E-02      2.217561666166E-02      2.207733098358E-01      1.647029019096E-03
     -1.020000000000E+00      9.580894933077E-02      4.346430817979E-02      3.296302655504E-02      2.900275865595E-02      2.689436638643E-02      2.553775759180E-02      2.455912482488E-02      2.379793107005E-02      2.317389678597E-02      2.264242431482E-02      2.228626662148E-01      1.669744869020E-03
     -1.030000000000E+00      9.747023255539E-02      4.444229992148E-02      3.371337838347E-02      2.965573249552E-02      2.749222888593E-02      2.609819885882E-02      2.509115957760E-02      2.430682421282E-02      2.366303626514E-02      2.311415490113E-02      2.249508910079E-01      1.692434629439E-03
     -1.040000000000E+00      9.914425433371E-02      4.543410953809E-02      3.447473277988E-02      3.031795077970E-02      2.809818400076E-02      2.666587210575E-02      2.562972381243E-02      2.482164271666E-02      2.415756517994E-02      2.359079031019E-02      2.270380206675E-01      1.715096450183E-03
     -1.050000000000E+00      1.008310132532E-01      4.643985305565E-02      3.524719660841E-02      3.098949243209E-02      2.871228684054E-02      2.724081290107E-02      2.617483653289E-02      2.534239122836E-02      2.465747560726E-02      2.407231158347E-02      2.291240922950E-01      1.737728658098E-03
     -1.060000000000E+00      1.025305094005E-01      4.745964804187E-02      3.603087841982E-02      3.167043751274E-02      2.933459306604E-02      2.782305688719E-02      2.672651644420E-02      2.586907381303E-02      2.516275883565E-02      2.455869883513E-02      2.312091446745E-01      1.760329634938E-03
     -1.070000000000E+00      1.042427452051E-01      4.849361436352E-02      3.682588905128E-02      3.236086772476E-02      2.996515933075E-02      2.841264017417E-02      2.728478231077E-02      2.640169428363E-02      2.567340567301E-02      2.504993154268E-02      2.332932182879E-01      1.782897875578E-03
     -1.080000000000E+00      1.059677216548E-01      4.954187107941E-02      3.763233924698E-02      3.306086442034E-02      3.060404152620E-02      2.900959776319E-02      2.784965152788E-02      2.694025490351E-02      2.618940526876E-02      2.554598748056E-02      2.353763538792E-01      1.805432605359E-03
     -1.090000000000E+00      1.077054421433E-01      5.060453967151E-02      3.845034216823E-02      3.377051070060E-02      3.125129661123E-02      2.961396517438E-02      2.842114158792E-02      2.748475771710E-02      2.671074632744E-02      2.604684383075E-02      2.374585931147E-01      1.827932778242E-03
     -1.100000000000E+00      1.094559110923E-01      5.168174274608E-02      3.928001238244E-02      3.448989056587E-02      3.190698186010E-02      3.022577776826E-02      2.899926946491E-02      2.803520399256E-02      2.723741660674E-02      2.655247673427E-02      2.395399793584E-01      1.850397387973E-03
     -1.110000000000E+00      1.112191357829E-01      5.277360563576E-02      4.012146714501E-02      3.521908999530E-02      3.257115580337E-02      3.084507158328E-02      2.958405237081E-02      2.859159491163E-02      2.776940355154E-02      2.706286187755E-02      2.416205585657E-01      1.872825972927E-03
     -1.120000000000E+00      1.129951236315E-01      5.388025415388E-02      4.097482466032E-02      3.595819548453E-02      3.324387693599E-02      3.147188217123E-02      3.017550669832E-02      2.915393060929E-02      2.830669342381E-02      2.757797370777E-02      2.437003771397E-01      1.895218063942E-03
     -1.130000000000E+00      1.147838839204E-01      5.500181608718E-02      4.184020527404E-02      3.670729505373E-02      3.392520459952E-02      3.210624538635E-02      3.077364873776E-02      2.972221083230E-02      2.884927191300E-02      2.809778600265E-02      2.457794832984E-01      1.917573615011E-03
     -1.140000000000E+00      1.165854279366E-01      5.613842115111E-02      4.271773142305E-02      3.746647819025E-02      3.461519891078E-02      3.274819730303E-02      3.137849458920E-02      3.029643485115E-02      2.939712405214E-02      2.862227179444E-02      2.478579275299E-01      1.939892653664E-03
     -1.150000000000E+00      1.183997665564E-01      5.729019912362E-02      4.360752623805E-02      3.823583470400E-02      3.531391977563E-02      3.339777335010E-02      3.199005939995E-02      3.087660079098E-02      2.995023363578E-02      2.915140286950E-02      2.499357601671E-01      1.962175548763E-03
     -1.160000000000E+00      1.202269134667E-01      5.845728243391E-02      4.450971554058E-02      3.901545637982E-02      3.602142830811E-02      3.405500955480E-02      3.260835846869E-02      3.146270661988E-02      3.050858410970E-02      2.968515057283E-02      2.520130345671E-01      1.984422654829E-03
     -1.170000000000E+00      1.220668847147E-01      5.963980581857E-02      4.542442761406E-02      3.980543679664E-02      3.673778667215E-02      3.471994240233E-02      3.323340712452E-02      3.205475004979E-02      3.107215849595E-02      3.022348575862E-02      2.540898062961E-01      2.006634801345E-03
     -1.180000000000E+00      1.239196968494E-01      6.083790472081E-02      4.635179197279E-02      4.060587031104E-02      3.746305719971E-02      3.539260805665E-02      3.386522003643E-02      3.265272792752E-02      3.164093886052E-02      3.076637833082E-02      2.561661321031E-01      2.028813051846E-03
     -1.190000000000E+00      1.257853689768E-01      6.205171705616E-02      4.729194075204E-02      4.141685320804E-02      3.819730337348E-02      3.607304321652E-02      3.450381196997E-02      3.325663691102E-02      3.221490692318E-02      3.131379779682E-02      2.582420712709E-01      2.050958707871E-03
     -1.200000000000E+00      1.276639215258E-01      6.328138213785E-02      4.824500789758E-02      4.223848304193E-02      3.894058926098E-02      3.676128462164E-02      3.514919735782E-02      3.386647310097E-02      3.279404374793E-02      3.186571301482E-02      2.603176848947E-01      2.073073379189E-03
     -1.210000000000E+00      1.295553778515E-01      6.452704200973E-02      4.921113021905E-02      4.307085951322E-02      3.969298026596E-02      3.745736971033E-02      3.580139088591E-02      3.448223257128E-02      3.337833022937E-02      3.242209264451E-02      2.623930370254E-01      2.095159110218E-03
     -1.220000000000E+00      1.314597618076E-01      6.578883943656E-02      5.019044584021E-02      4.391408318079E-02      4.045454200344E-02      3.816133561728E-02      3.646040659619E-02      3.510391056733E-02      3.396774637999E-02      3.298290451806E-02      2.644681925376E-01      2.117217562921E-03
     -1.230000000000E+00      1.333770991697E-01      6.706691897317E-02      5.118309507299E-02      4.476825623614E-02      4.122534100890E-02      3.887321983922E-02      3.712625852441E-02      3.573150212679E-02      3.456227194140E-02      3.354811624632E-02      2.665432188355E-01      2.139251271429E-03
     -1.240000000000E+00      1.353074206046E-01      6.836142957409E-02      5.218922244975E-02      4.563348412893E-02      4.200544606864E-02      3.959306133713E-02      3.779896161841E-02      3.636500284543E-02      3.516188702098E-02      3.411769574450E-02      2.686181883154E-01      2.161263234582E-03
     -1.250000000000E+00      1.372507566759E-01      6.967252023838E-02      5.320897337028E-02      4.650987286539E-02      4.279492595897E-02      4.032089861568E-02      3.847853010468E-02      3.700440749690E-02      3.576657093990E-02      3.469161028746E-02      2.706931740562E-01      2.183256366330E-03
     -1.260000000000E+00      1.392071426960E-01      7.100034465386E-02      5.424249774728E-02      4.739753201684E-02      4.359385201551E-02      4.105677195792E-02      3.916497945164E-02      3.764971176690E-02      3.637630376815E-02      3.526982786796E-02      2.727682523337E-01      2.205234827992E-03
     -1.270000000000E+00      1.411766126482E-01      7.234505425019E-02      5.528994460304E-02      4.829657019445E-02      4.440229416971E-02      4.180071989300E-02      3.985832320793E-02      3.830090942926E-02      3.699106381752E-02      3.585231499134E-02      2.748435032043E-01      2.227200784287E-03
     -1.280000000000E+00      1.431592046728E-01      7.370680564559E-02      5.635146790091E-02      4.920710006937E-02      4.522032546624E-02      4.255278333083E-02      4.055857681092E-02      3.895799585636E-02      3.761083086760E-02      3.643903962207E-02      2.769190057515E-01      2.249159455008E-03
     -1.290000000000E+00      1.451549647239E-01      7.508576159629E-02      5.742722736926E-02      5.012923884057E-02      4.604802221580E-02      4.331300547588E-02      4.126575732819E-02      3.962096764414E-02      3.823558572093E-02      3.702997070893E-02      2.789948506095E-01      2.271116468023E-03
     -1.300000000000E+00      1.471639322775E-01      7.648207910905E-02      5.851737913373E-02      5.106310072144E-02      4.688545778779E-02      4.408142662291E-02      4.197987907713E-02      4.028981893347E-02      3.886530713276E-02      3.762507564552E-02      2.810711202489E-01      2.293073957374E-03
     -1.310000000000E+00      1.491861578374E-01      7.789592475423E-02      5.962208782473E-02      5.200880679957E-02      4.773271089356E-02      4.485809123104E-02      4.270095971122E-02      4.096454665797E-02      3.949997633022E-02      3.822432414683E-02      2.831479125919E-01      2.315039476685E-03
     -1.320000000000E+00      1.512216928612E-01      7.932746628597E-02      6.074152000546E-02      5.296647972124E-02      4.858986113858E-02      4.564304414602E-02      4.342901700283E-02      4.164514781595E-02      4.013957471983E-02      3.882768634786E-02      2.852253227935E-01      2.337018088457E-03
     -1.330000000000E+00      1.532705923075E-01      8.077687416631E-02      6.187584540402E-02      5.393624470016E-02      4.945698986257E-02      4.643633131127E-02      4.416406945489E-02      4.233162000439E-02      4.078408435907E-02      3.943513322327E-02      2.873034519534E-01      2.359016407422E-03
     -1.340000000000E+00      1.553329145620E-01      8.224432178191E-02      6.302523711464E-02      5.491822974447E-02      5.033418038581E-02      4.723800003283E-02      4.490613658797E-02      4.302396173073E-02      4.143348829289E-02      4.004663694616E-02      2.893824045548E-01      2.381041128853E-03
     -1.350000000000E+00      1.574087214351E-01      8.372998541302E-02      6.418987162393E-02      5.591256568447E-02      5.122151802215E-02      4.804809898267E-02      4.565523894457E-02      4.372217242755E-02      4.208777058511E-02      4.066217093932E-02      2.914622888097E-01      2.403098783365E-03
     -1.360000000000E+00      1.594980819402E-01      8.523404740704E-02      6.536993131063E-02      5.691938823115E-02      5.211909182262E-02      4.886667969947E-02      4.641139939471E-02      4.442625359558E-02      4.274691732123E-02      4.128171075312E-02      2.935432214920E-01      2.425198040111E-03
     -1.370000000000E+00      1.616010633310E-01      8.675668779029E-02      6.656559793189E-02      5.793883279323E-02      5.302699033021E-02      4.969379307491E-02      4.717464023647E-02      4.513620644012E-02      4.341091472041E-02      4.190523260220E-02      2.956253195504E-01      2.447347024103E-03
     -1.380000000000E+00      1.637177444473E-01      8.829809731792E-02      6.777706287633E-02      5.897104272078E-02      5.394530838199E-02      5.052949503634E-02      4.794498795895E-02      4.585203585141E-02      4.407975243426E-02      4.253271606110E-02      2.977087084167E-01      2.469554521867E-03
     -1.390000000000E+00      1.658482050749E-01      8.985846665788E-02      6.900451873289E-02      6.001616262690E-02      5.487414168052E-02      5.137384209174E-02      4.872246959895E-02      4.657374746259E-02      4.475342122071E-02      4.316414228229E-02      2.997935174277E-01      2.491830103540E-03
     -1.400000000000E+00      1.679925350580E-01      9.143799567880E-02      7.024816667545E-02      6.107434435785E-02      5.581359174200E-02      5.222689548814E-02      4.950711625747E-02      4.730135062667E-02      4.543191545649E-02      4.379949610151E-02      3.018798845574E-01      2.514184236065E-03
     -1.410000000000E+00      1.701508188301E-01      9.303687729156E-02      7.150820368251E-02      6.214573671793E-02      5.676375740204E-02      5.308871409866E-02      5.029895713283E-02      4.803485343684E-02      4.611522902346E-02      4.443876269021E-02      3.039679471120E-01      2.536626771446E-03
     -1.420000000000E+00      1.723231613502E-01      9.465532406515E-02      7.278484367946E-02      6.323050264833E-02      5.772474917044E-02      5.395936658732E-02      5.109802987988E-02      4.877427153917E-02      4.680336276461E-02      4.508193380239E-02      3.060578582070E-01      2.559170575949E-03
     -1.430000000000E+00      1.745096647485E-01      9.629354409227E-02      7.407829847121E-02      6.432880380255E-02      5.869667638018E-02      5.483892055765E-02      5.190437142474E-02      4.951962039134E-02      4.749631802010E-02      4.572900245255E-02      3.081497722639E-01      2.581827166424E-03
     -1.440000000000E+00      1.767104399634E-01      9.795175289226E-02      7.538878724417E-02      6.544080846992E-02      5.967965402067E-02      5.572744854296E-02      5.271802325465E-02      5.027091994277E-02      4.819410075900E-02      4.637996654233E-02      3.102438518265E-01      2.604609813850E-03
     -1.450000000000E+00      1.789256100649E-01      9.963017636318E-02      7.671653893705E-02      6.656669324428E-02      6.067380382363E-02      5.662502863326E-02      5.353903168616E-02      5.102819462222E-02      4.889672134728E-02      4.703482845691E-02      3.123402732474E-01      2.627533898422E-03
     -1.460000000000E+00      1.811552959800E-01      1.013290371986E-01      7.806178156536E-02      6.770663502870E-02      6.167924831376E-02      5.753174012749E-02      5.436744482010E-02      5.179147137490E-02      4.960419348879E-02      4.769359475846E-02      3.144392073806E-01      2.650611720216E-03
     -1.470000000000E+00      1.833996370960E-01      1.030485741490E-01      7.942475752431E-02      6.886082281908E-02      6.269611990844E-02      5.844767053387E-02      5.520331784325E-02      5.256078355856E-02      5.031653694341E-02      4.835627791040E-02      3.165408474461E-01      2.673860416214E-03
     -1.480000000000E+00      1.856587771457E-01      1.047890281869E-01      8.080571271305E-02      7.002944949560E-02      6.372455473333E-02      5.937291096940E-02      5.604670971948E-02      5.333616871177E-02      5.103377619983E-02      4.902289570823E-02      3.186453918605E-01      2.697297105732E-03
     -1.490000000000E+00      1.879328718214E-01      1.065506511955E-01      8.220490349389E-02      7.121271735052E-02      6.476469707291E-02      6.030755976443E-02      5.689768610383E-02      5.411767088802E-02      5.175594231147E-02      4.969347267994E-02      3.207530454302E-01      2.720937926321E-03
     -1.500000000000E+00      1.902220887951E-01      1.083337026713E-01      8.362259415549E-02      7.241083607789E-02      6.581669771932E-02      6.125172109300E-02      5.775631821727E-02      5.490533975229E-02      5.248307219589E-02      5.036803957008E-02      3.228640378296E-01      2.744806269199E-03
     -1.510000000000E+00      1.925265997426E-01      1.101384457044E-01      8.505905380799E-02      7.362402082005E-02      6.688071295531E-02      6.220550468160E-02      5.862268312284E-02      5.569923129866E-02      5.321520968694E-02      5.104663463244E-02      3.249785911960E-01      2.768919628953E-03
     -1.520000000000E+00      1.948465956480E-01      1.119651589703E-01      8.651456598942E-02      7.485249953293E-02      6.795691017573E-02      6.316903007188E-02      5.949686690684E-02      5.649941015739E-02      5.395240712864E-02      5.172930464020E-02      3.270969518772E-01      2.793300479931E-03
     -1.530000000000E+00      1.971822787104E-01      1.138141308844E-01      8.798942413181E-02      7.609650972543E-02      6.904546561020E-02      6.414242509450E-02      6.037896373981E-02      5.730594911748E-02      5.469472525561E-02      5.241610503450E-02      3.292193732933E-01      2.817971347221E-03
     -1.540000000000E+00      1.995338685894E-01      1.156856626895E-01      8.948393415993E-02      7.735630052330E-02      7.014656593882E-02      6.512582714140E-02      6.126907689339E-02      5.811892995674E-02      5.544223388763E-02      5.310710052246E-02      3.313461331343E-01      2.842957709086E-03
     -1.550000000000E+00      2.019015925907E-01      1.175800609718E-01      9.099840853551E-02      7.863212840975E-02      7.126040540024E-02      6.611938133471E-02      6.216731774270E-02      5.893844310245E-02      5.619501210545E-02      5.380236564660E-02      3.334775133126E-01      2.868285968261E-03
     -1.560000000000E+00      2.042857002112E-01      1.194976512215E-01      9.253317731351E-02      7.992426598385E-02      7.238719275620E-02      6.712324607020E-02      6.307381014923E-02      5.976459104319E-02      5.695315083538E-02      5.450198665654E-02      3.356138175180E-01      2.893984855820E-03
     -1.570000000000E+00      2.066864593416E-01      1.214387738718E-01      9.408858505360E-02      8.123299976285E-02      7.352714979055E-02      6.813759206078E-02      6.398868994475E-02      6.059748817576E-02      5.771675299530E-02      5.520606189853E-02      3.377553665102E-01      2.920084023381E-03
     -1.580000000000E+00      2.091041562684E-01      1.234037839463E-01      9.566499069242E-02      8.255863031867E-02      7.468051164831E-02      6.916260282054E-02      6.491210551919E-02      6.143726146415E-02      5.848593419554E-02      5.591470253198E-02      3.399024992890E-01      2.946615528872E-03
     -1.590000000000E+00      2.115391086649E-01      1.253930647663E-01      9.726277871759E-02      8.390148091782E-02      7.584753346270E-02      7.019847971070E-02      6.584422160447E-02      6.228405320104E-02      5.926082466373E-02      5.662803376586E-02      3.420555843292E-01      2.973615105748E-03
     -1.600000000000E+00      2.139916207769E-01      1.274069782817E-01      9.888231941486E-02      8.526186850465E-02      7.702846994880E-02      7.124542820931E-02      6.678521075918E-02      6.313801658946E-02      6.004156803638E-02      5.734619613859E-02      3.442149838746E-01      3.001118398216E-03
     -1.610000000000E+00      2.164620722486E-01      1.294459624896E-01      1.005240473374E-01      8.664016201681E-02      7.822361757393E-02      7.230368751825E-02      6.773527310885E-02      6.399932767336E-02      6.082832710379E-02      5.806934639362E-02      3.463811224154E-01      3.029165618889E-03
     -1.620000000000E+00      2.189508395240E-01      1.315104457663E-01      1.021883926493E-01      8.803673212530E-02      7.943327907259E-02      7.337350653518E-02      6.869462126129E-02      6.486817727294E-02      6.162128124191E-02      5.879765917130E-02      3.485544234224E-01      3.057799266740E-03
     -1.630000000000E+00      2.214583260008E-01      1.336008746879E-01      1.038758036951E-01      8.945196844712E-02      8.065777638053E-02      7.445515344999E-02      6.966348726847E-02      6.574477584712E-02      6.242062959839E-02      5.953132886330E-02      3.507353456960E-01      3.087066202509E-03
     -1.640000000000E+00      2.239849848920E-01      1.357177453040E-01      1.055867725620E-01      9.088629878380E-02      8.189746474525E-02      7.554892580278E-02      7.064212944430E-02      6.662935769078E-02      6.322659315745E-02      6.027056994012E-02      3.529243850091E-01      3.117017000264E-03
     -1.650000000000E+00      2.265312966015E-01      1.378615740346E-01      1.073218115272E-01      9.234017214724E-02      8.315272114726E-02      7.665514313834E-02      7.163082835953E-02      6.752217958623E-02      6.403941550734E-02      6.101561939803E-02      3.551220605267E-01      3.147703100655E-03
     -1.660000000000E+00      2.290977750219E-01      1.400329048329E-01      1.090814597189E-01      9.381406479071E-02      8.442394977102E-02      7.777415192920E-02      7.262989120325E-02      6.842352458689E-02      6.485936603581E-02      6.176673936470E-02      3.573289246698E-01      3.179179754726E-03
     -1.670000000000E+00      2.316849827998E-01      1.422323255769E-01      1.108662961331E-01      9.530848997962E-02      8.571158921487E-02      7.890633077649E-02      7.363965538513E-02      6.933370433675E-02      6.568674121894E-02      6.252421756455E-02      3.595455730807E-01      3.211509549264E-03
     -1.680000000000E+00      2.342935290349E-01      1.444604611407E-01      1.126769347159E-01      9.682399520833E-02      8.701611140198E-02      8.005209065486E-02      7.466048985155E-02      7.025306126156E-02      6.652186753527E-02      6.328837083586E-02      3.617726515775E-01      3.244760142321E-03
     -1.690000000000E+00      2.369240668396E-01      1.467179708026E-01      1.145140225421E-01      9.836116190330E-02      8.833802261655E-02      8.121187686879E-02      7.569279758625E-02      7.118197131684E-02      6.736510423530E-02      6.405954775403E-02      3.640108550404E-01      3.279011014841E-03
     -1.700000000000E+00      2.395773134571E-01      1.490055824192E-01      1.163782679827E-01      9.992062679491E-02      8.967787929812E-02      8.238618039219E-02      7.673702335279E-02      7.212084879247E-02      6.821684573098E-02      6.483812903113E-02      3.662609023268E-01      3.314333113999E-03
     -1.710000000000E+00      2.422540441199E-01      1.513240654394E-01      1.182704194035E-01      1.015030672737E-01      9.103627884888E-02      8.357553299539E-02      7.779365227707E-02      7.307014769919E-02      6.907752528523E-02      6.562453311730E-02      3.685235936840E-01      3.350815745241E-03
     -1.720000000000E+00      2.449550964689E-01      1.536742476596E-01      1.201912793418E-01      1.031092133522E-01      9.241386985481E-02      8.478051588431E-02      7.886321695124E-02      7.403036736341E-02      6.994761913237E-02      6.641921889610E-02      3.707997709571E-01      3.388553654023E-03
     -1.730000000000E+00      2.476813910007E-01      1.560570281318E-01      1.221417153716E-01      1.047398561251E-01      9.381135856965E-02      8.600176474671E-02      7.994630149857E-02      7.500205587808E-02      7.082764961001E-02      6.722268873498E-02      3.730903638442E-01      3.427649661890E-03
     -1.740000000000E+00      2.504339201871E-01      1.584733746647E-01      1.241226591717E-01      1.063958492465E-01      9.522951239000E-02      8.723997446410E-02      8.104354683288E-02      7.598581537362E-02      7.171819004797E-02      6.803549271492E-02      3.753963488158E-01      3.468212985440E-03
     -1.750000000000E+00      2.532137797745E-01      1.609243489068E-01      1.261351275292E-01      1.080781251528E-01      9.666917210367E-02      8.849590834212E-02      8.215565766990E-02      7.698230744744E-02      7.261986912618E-02      6.885823232708E-02      3.777188019487E-01      3.510368207341E-03
     -1.760000000000E+00      2.560221513274E-01      1.634110884341E-01      1.281802088704E-01      1.097876873441E-01      9.813124896765E-02      8.977039871965E-02      8.328340559107E-02      7.799225785542E-02      7.353337657722E-02      6.969156673384E-02      3.800588757567E-01      3.554251012812E-03
     -1.770000000000E+00      2.588603437785E-01      1.659348521237E-01      1.302591009759E-01      1.115256400040E-01      9.961674769873E-02      9.106436468416E-02      8.442764253298E-02      7.901646659502E-02      7.445947052313E-02      7.053621790095E-02      3.824178268806E-01      3.600008099450E-03
     -1.780000000000E+00      2.617297707780E-01      1.684969910057E-01      1.323730888151E-01      1.132931736418E-01      1.011267584812E-01      9.237880888650E-02      8.558930114666E-02      8.005581085864E-02      7.539898232290E-02      7.139297682772E-02      3.847970139230E-01      3.647805624500E-03
     -1.790000000000E+00      2.646320044635E-01      1.710990115539E-01      1.345235975734E-01      1.150916067278E-01      1.026624891648E-01      9.371484223604E-02      8.676941351906E-02      8.111125897720E-02      7.635282669177E-02      7.226271061406E-02      3.871979214426E-01      3.697824815414E-03
     -1.800000000000E+00      2.675687651576E-01      1.737425578670E-01      1.367121793153E-01      1.169223781873E-01      1.042252626015E-01      9.507368482718E-02      8.796911464487E-02      8.218387565543E-02      7.732200813877E-02      7.314636970512E-02      3.896221648827E-01      3.750266393502E-03
     -1.810000000000E+00      2.705419421187E-01      1.764294235390E-01      1.389405248743E-01      1.187870606399E-01      1.058165311310E-01      9.645668125595E-02      8.918965817050E-02      8.327483784773E-02      7.830763678884E-02      7.404500355908E-02      3.920715255712E-01      3.805361524170E-03
     -1.820000000000E+00      2.735535834485E-01      1.791615742459E-01      1.412104843834E-01      1.206873744027E-01      1.074378843819E-01      9.786530305165E-02      9.043241422755E-02      8.438542867099E-02      7.931091897733E-02      7.495974845845E-02      3.945478878333E-01      3.863356878145E-03
     -1.830000000000E+00      2.766059887691E-01      1.819412117793E-01      1.435241222191E-01      1.226252369674E-01      1.090910948616E-01      9.930119143054E-02      9.169891009162E-02      8.551707652338E-02      8.033319526338E-02      7.589186476393E-02      3.970533590758E-01      3.924531684904E-03
     -1.840000000000E+00      2.797016994713E-01      1.847707722095E-01      1.458837185461E-01      1.246027683822E-01      1.107781263827E-01      1.007661674245E-01      9.299084080663E-02      8.667136532110E-02      8.137594970338E-02      7.684274488720E-02      3.995902534896E-01      3.989199983160E-03
     -1.850000000000E+00      2.828435131538E-01      1.876529306945E-01      1.482917761230E-01      1.266222994737E-01      1.125011431265E-01      1.022622416119E-01      9.431007956242E-02      8.785004557801E-02      8.244082172619E-02      7.781392606381E-02      4.021611261059E-01      4.057723971455E-03
     -1.860000000000E+00      2.860345402992E-01      1.905906900185E-01      1.507510973650E-01      1.286864319569E-01      1.142625547169E-01      1.037916468737E-01      9.565870050089E-02      8.905504918898E-02      8.352961445630E-02      7.880709348491E-02      4.047687697182E-01      4.130505600276E-03
     -1.870000000000E+00      2.892782074501E-01      1.935873653693E-01      1.532647769848E-01      1.307980460073E-01      1.160650370923E-01      1.053568689604E-01      9.703901562142E-02      9.028853008013E-02      8.464433724906E-02      7.982412343794E-02      4.074162326765E-01      4.207997416413E-03
     -1.880000000000E+00      2.925783437147E-01      1.966466650416E-01      1.558362715426E-01      1.329603532050E-01      1.179115703455E-01      1.069606725206E-01      9.845359213531E-02      9.155287546406E-02      8.578721287067E-02      8.086708796714E-02      4.101069267958E-01      4.290716945373E-03
     -1.890000000000E+00      2.959391988287E-01      1.997727403507E-01      1.584694496332E-01      1.351769447905E-01      1.198054849918E-01      1.086061452315E-01      9.990529429246E-02      9.285074530248E-02      8.696071465583E-02      8.193828986859E-02      4.128445756794E-01      4.379252720911E-03
     -1.900000000000E+00      2.993655380575E-01      2.029702377418E-01      1.611686408691E-01      1.374518373134E-01      1.217505040315E-01      1.102967366151E-01      1.013973194468E-01      9.418510614346E-02      8.816759862316E-02      8.304029354552E-02      4.156334243630E-01      4.474317410985E-03
     -1.910000000000E+00      3.028626354992E-01      2.062443647519E-01      1.639386992593E-01      1.397895341263E-01      1.237508025830E-01      1.120363144359E-01      1.029332497908E-01      9.555927719062E-02      8.941094334361E-02      8.417595850482E-02      4.184779989456E-01      4.576662951002E-03
     -1.920000000000E+00      3.064364151415E-01      2.096009777697E-01      1.667850866172E-01      1.421950971622E-01      1.258110682326E-01      1.138292163967E-01      1.045170982944E-01      9.697697292191E-02      9.069419115791E-02      8.534848062756E-02      4.213834593094E-01      4.687208614479E-03
     -1.930000000000E+00      3.100935084555E-01      2.130466917809E-01      1.697139759031E-01      1.446742374666E-01      1.279365787137E-01      1.156803165449E-01      1.061533656265E-01      9.844235214006E-02      9.202119072188E-02      8.656142933106E-02      4.243554985198E-01      4.807008922100E-03
     -1.940000000000E+00      3.138413507813E-01      2.165889655993E-01      1.727323336417E-01      1.472333956928E-01      1.301332802624E-01      1.175951008490E-01      1.078471123991E-01      9.996008660137E-02      9.339626199818E-02      8.781880907623E-02      4.274004619845E-01      4.937285270423E-03
     -1.950000000000E+00      3.176882442722E-01      2.202361969839E-01      1.758480360352E-01      1.498798680585E-01      1.324079172396E-01      1.195797970533E-01      1.096040872832E-01      1.015354863158E-01      9.482431823612E-02      8.912517787720E-02      4.305253966590E-01      5.079493162460E-03
     -1.960000000000E+00      3.216436456062E-01      2.239979389158E-01      1.790700278167E-01      1.526219214735E-01      1.347681147007E-01      1.216414334934E-01      1.114307687524E-01      1.031745292044E-01      9.631088723402E-02      9.048566286747E-02      4.337383415581E-01      5.235335993301E-03
     -1.970000000000E+00      3.257178295592E-01      2.278848703386E-01      1.824083678910E-01      1.554688344981E-01      1.372223947547E-01      1.237878297397E-01      1.133343339292E-01      1.048838127583E-01      9.786204988056E-02      9.190588900525E-02      4.370477553020E-01      5.406762674114E-03
     -1.980000000000E+00      3.299227584297E-01      2.319092629162E-01      1.858746289805E-01      1.584313305375E-01      1.397806575301E-01      1.260281157514E-01      1.153232025496E-01      1.066711113215E-01      9.948500219007E-02      9.339253988876E-02      4.404636748797E-01      5.596183103048E-03
     -1.990000000000E+00      3.342716885129E-01      2.360850093708E-01      1.894819633241E-01      1.615215574022E-01      1.424540604778E-01      1.283725291017E-01      1.174067751960E-01      1.085450751775E-01      1.011877303422E-01      9.495301958703E-02      4.439969711762E-01      5.806410458456E-03
     -2.000000000000E+00      3.387794883740E-01      2.404278480022E-01      1.932453354787E-01      1.647533510070E-01      1.452553085025E-01      1.308327218978E-01      1.195957483705E-01      1.105155473540E-01      1.029793248259E-01      9.659576127939E-02      4.476597303515E-01      6.040812193184E-03
      0.000000000000E+00      5.625144794408E-11      4.033218203858E-12      3.025135697499E-12      2.688960165642E-12      2.520650355109E-12      2.419842104473E-12      2.352340544576E-12      2.304378909912E-12      2.268851773124E-12      2.240874152903E-12      2.818983486641E-06      1.406430527595E-12
#
#
# #Calculation finished at  2022-10-16 07:24:04