# M=20, N=10, Vp=0.0, t=1.0, n=1, Vstart=-2.0, Vstop=0.0, Vnum=201, PBC
# start time 2022-10-16 02:17:39
#                       V#                 S1(n=1)#                 S2(n=1)                 S3(n=1)#                 S4(n=1)#                 S5(n=1)#                 S6(n=1)#                 S7(n=1)#                 S8(n=1)#                 S9(n=1)#                S10(n=1)#               S1/2(n=1)#               Sinf(n=1)
     -1.000000000000E-02      2.373353471974E-05      3.418383356824E-06      2.563789708532E-06      2.278922547116E-06      2.136488352456E-06      2.051027344407E-06      1.994052929000E-06      1.953356567608E-06      1.922833988921E-06      1.899093932778E-06      2.339402643403E-03      2.563649483811E-07
     -2.000000000000E-02      8.561143647290E-05      1.370161810854E-05      1.027624878169E-05      9.134416988132E-06      8.563491200597E-06      8.220927816271E-06      7.992545632884E-06      7.829409850668E-06      7.707053069073E-06      7.611882287595E-06      4.675851782888E-03      1.020816414954E-06
     -3.000000000000E-02      1.804511580610E-04      3.089218176200E-05      2.316931526147E-05      2.059481253580E-05      1.930751078127E-05      1.853508941929E-05      1.802010825314E-05      1.765223577177E-05      1.737630621790E-05      1.716167194976E-05      7.009366945797E-03      2.286395969442E-06
     -4.000000000000E-02      3.055518864286E-04      5.503297816523E-05      4.127530151221E-05      3.668872954776E-05      3.439528327842E-05      3.301908730702E-05      3.210151648769E-05      3.144601718619E-05      3.095431258471E-05      3.057180445243E-05      9.339961664278E-03      4.046137561442E-06
     -5.000000000000E-02      4.590601312593E-04      8.616733752209E-05      6.462689537301E-05      5.744507924632E-05      5.385377732470E-05      5.169868116583E-05      5.026168789701E-05      4.923503914656E-05      4.846485572685E-05      4.786564920112E-05      1.166764908663E-02      6.293067240204E-06
     -6.000000000000E-02      6.395691287100E-04      1.243390370833E-04      9.325717683950E-05      8.289307721787E-05      7.771020539504E-05      7.459982493430E-05      7.252569018323E-05      7.104369586397E-05      6.993178933712E-05      6.906660802475E-05      1.399244358068E-02      9.020207682564E-06
     -7.000000000000E-02      8.459494937396E-04      1.695922924094E-04      1.271996127068E-04      1.130622372916E-04      1.059920167630E-04      1.017486588037E-04      9.891873220536E-05      9.689648073552E-05      9.537902627743E-05      9.419810321099E-05      1.631435893908E-02      1.222057549644E-05
     -8.000000000000E-02      1.077261081527E-03      2.219717650935E-04      1.664880635870E-04      1.479823763901E-04      1.387269007131E-04      1.331715110262E-04      1.294661645059E-04      1.268179856551E-04      1.248305367261E-04      1.232835745242E-04      1.863340891043E-02      1.588718253176E-05
     -9.000000000000E-02      1.332701087557E-03      2.815225653450E-04      2.111567871022E-04      1.876836159469E-04      1.759427865027E-04      1.688948965688E-04      1.641934767402E-04      1.608328972713E-04      1.583103432887E-04      1.563464731964E-04      2.094960713563E-02      2.001303559629E-05
     -1.000000000000E-01      1.611570884801E-03      3.482902549674E-04      2.612404414024E-04      2.321963835881E-04      2.176678435291E-04      2.089455159351E-04      2.031262952382E-04      1.989659933370E-04      1.958425161819E-04      1.934102559651E-04      2.326296712072E-02      2.459113677267E-05
     -1.100000000000E-01      1.913253557644E-03      4.223208551544E-04      3.167740923287E-04      2.815514180163E-04      2.639304844649E-04      2.533502567994E-04      2.462903832674E-04      2.412421416862E-04      2.374511709649E-04      2.344983816078E-04      2.557350239725E-02      2.961448534844E-05
     -1.200000000000E-01      2.237197942943E-03      5.036608474960E-04      3.777932155198E-04      3.357797693737E-04      3.147593641191E-04      3.021361915074E-04      2.937116372448E-04      2.876862952004E-04      2.831604623079E-04      2.796343035310E-04      2.788122638395E-02      3.507607624664E-05
     -1.300000000000E-01      2.582906920983E-03      5.923571804782E-04      4.443337026685E-04      3.949128032552E-04      3.701833816749E-04      3.553305777770E-04      3.454160860334E-04      3.383234897778E-04      3.329945806789E-04      3.288414652167E-04      3.018615246069E-02      4.096890201000E-05
     -1.400000000000E-01      2.949928528779E-03      6.884572667367E-04      5.164318608744E-04      4.589821985643E-04      4.302316771234E-04      4.129608537964E-04      4.014298847510E-04      3.931788368954E-04      3.869777436840E-04      3.821432903708E-04      3.248829382573E-02      4.728595089620E-05
     -1.500000000000E-01      3.337849127752E-03      7.920089956013E-04      5.941244235075E-04      5.280199555502E-04      4.949336371940E-04      4.750546423975E-04      4.617793173711E-04      4.522775247406E-04      4.451341958194E-04      4.395631813372E-04      3.478766370191E-02      5.402020909795E-05
     -1.600000000000E-01      3.746287970848E-03      9.030607345148E-04      6.774485527559E-04      6.020583964328E-04      5.643188942961E-04      5.416397484841E-04      5.264907927334E-04      5.156448128698E-04      5.074882018077E-04      5.011245111679E-04      3.708427523568E-02      6.116466212980E-05
     -1.700000000000E-01      4.174892832195E-03      1.021661329151E-03      7.664418412330E-04      6.811301651544E-04      6.384173246046E-04      6.127441556001E-04      5.955908396800E-04      5.833060259723E-04      5.740640390446E-04      5.668506147698E-04      3.937814146791E-02      6.871229276362E-05
     -1.800000000000E-01      4.623336468780E-03      1.147860112001E-03      8.611423199816E-04      7.652682327750E-04      7.172590513838E-04      6.883960274866E-04      6.691061070061E-04      6.552865523153E-04      6.448859946069E-04      6.367647845464E-04      4.166927538679E-02      7.665607909368E-05
     -1.900000000000E-01      5.091313694753E-03      1.281706909666E-03      9.615884655387E-04      8.545059020029E-04      8.008744474566E-04      7.686237087707E-04      7.470633625282E-04      7.316118412914E-04      7.199783613507E-04      7.108902650970E-04      4.395768998913E-02      8.498900977383E-05
     -2.000000000000E-01      5.578538901045E-03      1.423252038446E-03      1.067819198257E-03      9.488768039185E-04      8.892941303169E-04      8.534557185649E-04      8.294894852279E-04      8.123073941557E-04      7.993654272846E-04      7.892502412590E-04      4.624339813316E-02      9.370406463027E-05
     -2.100000000000E-01      6.084743989590E-03      1.572546308742E-03      1.179873887282E-03      1.048414900584E-03      9.825489627118E-04      9.429207492668E-04      9.164114624167E-04      8.973987596450E-04      8.830714697123E-04      8.718678308370E-04      4.852641258430E-02      1.027942211707E-04
     -2.200000000000E-01      6.609676691773E-03      1.729641055752E-03      1.297792375305E-03      1.153154505150E-03      1.080670069548E-03      1.037047680963E-03      1.007856401996E-03      9.869115443242E-04      9.711207638157E-04      9.587660915344E-04      5.080674630500E-02      1.122524649246E-04
     -2.300000000000E-01      7.153098880587E-03      1.894588087479E-03      1.421614941291E-03      1.263130246880E-03      1.183688803179E-03      1.135865546303E-03      1.103851496599E-03      1.080871375825E-03      1.063537544903E-03      1.049967982157E-03      5.308441179277E-02      1.220717802730E-04
     -2.400000000000E-01      7.714785419197E-03      2.067439736781E-03      1.551382341342E-03      1.378377105505E-03      1.291636773572E-03      1.239403557537E-03      1.204424048061E-03      1.179303925082E-03      1.160346028626E-03      1.145496380985E-03      5.535942170169E-02      1.322451473058E-04
     -2.500000000000E-01      8.294523013224E-03      2.248248865610E-03      1.687135813718E-03      1.498930413690E-03      1.404545848527E-03      1.347691104773E-03      1.309601463864E-03      1.282234901077E-03      1.261570404127E-03      1.245374077374E-03      5.763178874779E-02      1.427655581288E-04
     -2.600000000000E-01      8.892109158308E-03      2.437068849528E-03      1.828917069103E-03      1.624825846387E-03      1.522448141601E-03      1.460757742416E-03      1.419411242109E-03      1.389690034363E-03      1.367234816123E-03      1.349623752466E-03      5.990152553445E-02      1.536260055044E-04
     -2.700000000000E-01      9.507351276361E-03      2.633953586191E-03      1.976768298894E-03      1.756099426149E-03      1.645376014914E-03      1.578633189834E-03      1.533880970234E-03      1.501695073980E-03      1.477363360149E-03      1.458267972813E-03      6.216864458291E-02      1.648194832331E-04
     -2.800000000000E-01      1.014006595802E-02      2.838957506243E-03      2.130732185361E-03      1.892787530051E-03      1.773362083387E-03      1.701347333326E-03      1.653038324959E-03      1.618275785535E-03      1.591980078871E-03      1.571329185056E-03      6.443315841485E-02      1.763389920915E-04
     -2.900000000000E-01      1.079007833166E-02      3.052135598534E-03      2.290851922603E-03      2.034926906131E-03      1.906439227837E-03      1.828930236524E-03      1.776911080358E-03      1.739457957171E-03      1.711108966137E-03      1.688829718161E-03      6.669507972879E-02      1.881775394112E-04
     -3.000000000000E-01      1.145722116943E-02      3.273543316745E-03      2.457171148493E-03      2.182554610881E-03      2.044640534172E-03      1.961412079984E-03      1.905527047212E-03      1.865267338361E-03      1.834773905022E-03      1.810791720634E-03      6.895442053069E-02      2.003281334964E-04
     -3.100000000000E-01      1.214133473031E-02      3.503236721033E-03      2.629734053169E-03      2.335708103259E-03      2.187999378940E-03      2.098823240890E-03      2.038914148237E-03      1.995729711458E-03      1.962998736226E-03      1.937237226131E-03      7.121119336746E-02      2.127837800052E-04
     -3.200000000000E-01      1.284226608756E-02      3.741272425362E-03      2.808585341664E-03      2.494425209223E-03      2.336549393628E-03      2.241194256513E-03      2.177100380428E-03      2.130870852802E-03      2.095807217907E-03      2.068188112014E-03      7.346541077792E-02      2.255375158700E-04
     -3.300000000000E-01      1.355986861948E-02      3.987707576536E-03      2.993770220364E-03      2.658744107485E-03      2.490324448879E-03      2.388555806805E-03      2.320113796040E-03      2.270716512131E-03      2.233223003561E-03      2.203666075766E-03      7.571708510744E-02      2.385823753066E-04
     -3.400000000000E-01      1.429400159315E-02      4.242599851738E-03      3.185334397430E-03      2.828703327571E-03      2.649358650118E-03      2.540938707841E-03      2.467982494009E-03      2.415292402114E-03      2.375269629792E-03      2.343692621098E-03      7.796622855771E-02      2.519113863095E-04
     -3.500000000000E-01      1.504452999055E-02      4.506007543826E-03      3.383324149217E-03      3.004341806193E-03      2.813686387487E-03      2.698373957050E-03      2.620734661415E-03      2.564624236601E-03      2.521970551738E-03      2.488289090837E-03      8.021285359570E-02      2.655176029447E-04
     -3.600000000000E-01      1.581132403554E-02      4.777989513164E-03      3.587786286478E-03      3.185698854907E-03      2.983342302952E-03      2.860892699259E-03      2.778398538252E-03      2.718737694074E-03      2.673349105181E-03      2.637476627736E-03      8.245697252132E-02      2.793940519639E-04
     -3.700000000000E-01      1.659425869965E-02      5.058605106151E-03      3.798768095536E-03      3.372814105652E-03      3.158361236741E-03      3.028526172993E-03      2.941002363129E-03      2.877658362492E-03      2.829428450465E-03      2.791276117411E-03      8.469859761250E-02      2.935338631422E-04
     -3.800000000000E-01      1.739321382299E-02      5.347914336419E-03      4.016317476959E-03      3.565727630825E-03      3.338778336463E-03      3.201305812004E-03      3.108574468976E-03      3.041411830262E-03      2.990231659396E-03      2.949708271704E-03      8.693774122051E-02      3.079301137205E-04
     -3.900000000000E-01      1.820807364649E-02      5.645977802269E-03      4.240482886265E-03      3.764479888366E-03      3.524629003024E-03      3.379263190987E-03      3.281143228098E-03      3.210023630405E-03      3.155781658465E-03      3.112793570921E-03      8.917441571452E-02      3.225758347893E-04
     -4.000000000000E-01      1.903872647780E-02      5.952856642947E-03      4.471313303312E-03      3.969111691960E-03      3.715948859754E-03      3.562429993241E-03      3.458737018261E-03      3.383519205053E-03      3.326101191786E-03      3.280552225291E-03      9.140863338522E-02      3.374641757592E-04
     -4.100000000000E-01      1.988506460543E-02      6.268612605880E-03      4.708858285754E-03      4.179664255771E-03      3.912773791156E-03      3.750838044935E-03      3.641384253310E-03      3.561923932964E-03      3.501212845891E-03      3.453004197342E-03      9.364040654580E-02      3.525882758333E-04
     -4.200000000000E-01      2.074698405497E-02      6.593308033502E-03      4.953167961890E-03      4.396179185278E-03      4.115139931105E-03      3.944519300847E-03      3.829113366607E-03      3.745263110821E-03      3.681139029045E-03      3.630169179384E-03      9.586974751956E-02      3.679412271911E-04
     -4.300000000000E-01      2.162438439932E-02      6.927005865484E-03      5.204293035072E-03      4.618698478601E-03      4.323083661023E-03      4.143505839801E-03      4.021952804059E-03      3.933561944078E-03      3.865901960122E-03      3.812066580604E-03      9.809666862494E-02      3.835161981098E-04
     -4.400000000000E-01      2.251716876127E-02      7.269769724341E-03      5.462284851041E-03      4.847264582950E-03      4.536641658962E-03      4.347829908267E-03      4.219931063257E-03      4.126845582318E-03      4.055523700659E-03      3.998715556189E-03      1.003211825061E-01      3.993063656100E-04
     -4.500000000000E-01      2.342524311753E-02      7.621663680472E-03      5.727195224030E-03      5.081920238527E-03      4.755850751151E-03      4.557523775974E-03      4.423076551479E-03      4.325138978758E-03      4.250026015366E-03      4.190134868573E-03      1.025433011284E-01      4.153048985489E-04
     -4.600000000000E-01      2.434851691170E-02      7.982752599732E-03      5.999076701341E-03      5.322708708867E-03      4.980748122661E-03      4.772619933264E-03      4.631417773036E-03      4.528467069544E-03      4.449430544682E-03      4.386343054186E-03      1.047630372113E-01      4.315050071808E-04
     -4.700000000000E-01      2.528690224492E-02      8.353101845525E-03      6.277982342289E-03      5.569673583070E-03      5.211371130066E-03      4.993150909561E-03      4.844983151364E-03      4.736854598309E-03      4.653758631134E-03      4.587358251236E-03      1.069804031123E-01      4.478999210558E-04
     -4.800000000000E-01      2.624031421156E-02      8.732777499197E-03      6.563965887155E-03      5.822858921751E-03      5.447757433494E-03      5.219149395755E-03      5.063801143982E-03      4.950326225081E-03      4.863031423143E-03      4.793198299107E-03      1.091954114404E-01      4.644829037610E-04
     -4.900000000000E-01      2.720867044821E-02      9.121846212581E-03      6.857081649504E-03      6.082309158931E-03      5.689944901582E-03      5.450648150207E-03      5.287900148697E-03      5.168906432290E-03      5.077269780656E-03      5.003880643590E-03      1.114080746793E-01      4.812471794140E-04
     -5.000000000000E-01      2.819189135284E-02      9.520375372133E-03      7.157384643052E-03      6.348069210992E-03      5.937971709152E-03      5.687680088449E-03      5.517308587115E-03      5.392619603221E-03      5.296494349344E-03      5.219422407430E-03      1.136184055667E-01      4.981860448909E-04
     -5.100000000000E-01      2.918989952574E-02      9.928432882038E-03      7.464930421687E-03      6.620184332450E-03      6.191876199214E-03      5.930278148244E-03      5.752054771344E-03      5.621489889656E-03      5.520725428838E-03      5.439840258992E-03      1.158264166199E-01      5.152928070284E-04
     -5.200000000000E-01      3.020261993326E-02      1.034608729490E-02      7.779775181356E-03      6.898700202833E-03      6.451696959977E-03      6.178475359490E-03      5.992166968346E-03      5.855541271670E-03      5.749983028683E-03      5.665150464965E-03      1.180321206097E-01      5.325608667146E-04
     -5.300000000000E-01      3.122998025042E-02      1.077340805451E-02      8.101975946580E-03      7.183663086761E-03      6.717472968542E-03      6.432304976309E-03      6.237673523000E-03      6.094797673283E-03      5.984286977699E-03      5.895368994258E-03      1.202355304954E-01      5.499835334670E-04
     -5.400000000000E-01      3.227190954371E-02      1.121046485731E-02      8.431590093132E-03      7.475119412294E-03      6.989243197096E-03      6.691800100632E-03      6.488602494034E-03      6.339282607962E-03      6.223656577421E-03      6.130511178371E-03      1.224366587517E-01      5.675541693635E-04
     -5.500000000000E-01      3.332833957126E-02      1.165732837266E-02      8.768675893857E-03      7.773116245936E-03      7.267047047517E-03      6.956994089461E-03      6.744982040700E-03      6.589019548727E-03      6.468110958273E-03      6.370592055529E-03      1.246355184378E-01      5.852662673322E-04
     -5.600000000000E-01      3.439920412460E-02      1.211406995585E-02      9.113292307136E-03      8.077701104110E-03      7.550924173040E-03      7.227920382402E-03      7.006840254233E-03      6.844031762562E-03      6.717668916442E-03      6.615626209779E-03      1.268321227929E-01      6.031132477688E-04
     -5.700000000000E-01      3.548443876534E-02      1.258076155165E-02      9.465498907575E-03      8.388921888883E-03      7.840914414336E-03      7.504612437064E-03      7.274205092293E-03      7.104342243890E-03      6.972348846508E-03      6.865627702982E-03      1.290264849460E-01      6.210885762825E-04
     -5.800000000000E-01      3.658398055778E-02      1.305747559240E-02      9.825355812962E-03      8.706826820602E-03      8.137057732827E-03      7.787103661969E-03      7.547104311159E-03      7.369973646050E-03      7.232168672332E-03      7.120610005303E-03      1.312186176611E-01      6.391857703441E-04
     -5.900000000000E-01      3.769776913445E-02      1.354428560223E-02      1.019292414456E-02      9.031464837554E-03      8.439394575073E-03      8.075427756845E-03      7.825565787829E-03      7.640948588738E-03      7.497146142222E-03      7.380586279843E-03      1.334085347568E-01      6.573983841087E-04
     -6.000000000000E-01      3.882574527211E-02      1.404126548422E-02      1.056826549315E-02      9.362885124921E-03      8.747965433278E-03      8.369618293009E-03      8.109617114699E-03      7.917289263978E-03      7.767298444434E-03      7.645569006603E-03      1.355962493982E-01      6.757199878686E-04
     -6.100000000000E-01      3.996785164592E-02      1.454848995206E-02      1.095144224921E-02      9.701137400199E-03      9.062811103819E-03      8.669708953275E-03      8.399285825307E-03      8.199017650435E-03      8.042642411950E-03      7.915570179146E-03      1.377817751808E-01      6.941441988668E-04
     -6.200000000000E-01      4.112403258396E-02      1.506603444053E-02      1.134251753970E-02      1.004627185427E-02      9.383972627964E-03      8.975733471521E-03      8.694599332668E-03      8.486155450686E-03      8.323194458950E-03      8.190601240591E-03      1.399651258229E-01      7.126646652504E-04
     -6.300000000000E-01      4.229423399280E-02      1.559397509789E-02      1.174155522696E-02      1.039833914682E-02      9.711491282626E-03      9.287725619451E-03      8.995584912730E-03      8.778724071969E-03      8.608970559404E-03      8.470673060576E-03      1.421463151988E-01      7.312750858564E-04
     -6.400000000000E-01      4.347840318817E-02      1.613238872320E-02      1.214861986565E-02      1.075739036497E-02      1.004540853715E-02      9.605719161253E-03      9.302269657126E-03      9.076744577377E-03      8.899986197122E-03      8.755795884584E-03      1.443253571846E-01      7.499691917539E-04
     -6.500000000000E-01      4.467648935112E-02      1.668135305722E-02      1.256377692766E-02      1.112347721564E-02      1.038576622472E-02      9.929748010061E-03      9.614680618083E-03      9.380237821421E-03      9.196256493549E-03      9.045979455223E-03      1.465022662543E-01      7.687407451389E-04
     -6.600000000000E-01      4.588844211530E-02      1.724094601083E-02      1.298709222333E-02      1.149665151814E-02      1.073260607193E-02      1.025984578166E-02      9.932844380226E-03      9.689224036674E-03      9.497795807384E-03      9.341232623699E-03      1.486770559109E-01      7.875835797906E-04
     -6.700000000000E-01      4.711421380315E-02      1.781124696729E-02      1.341863289129E-02      1.187696606134E-02      1.108597047870E-02      1.059604652120E-02      1.025678774666E-02      1.000372348675E-02      9.804618359444E-03      9.641563950171E-03      1.508497413321E-01      8.064915405557E-04
     -6.800000000000E-01      4.835375731446E-02      1.839233560123E-02      1.385846651032E-02      1.226447382776E-02      1.144590180218E-02      1.093838402692E-02      1.058653709280E-02      1.032375584489E-02      1.011673763287E-02      9.946981123578E-03      1.530203370429E-01      8.254585564802E-04
     -6.900000000000E-01      4.960702679582E-02      1.898429232000E-02      1.430666143822E-02      1.265922828403E-02      1.181244261685E-02      1.128689208856E-02      1.092211858812E-02      1.064934040227E-02      1.043416657018E-02      1.025749114913E-02      1.551888572784E-01      8.444785304627E-04
     -7.000000000000E-01      5.087397798594E-02      1.958719841849E-02      1.476328693435E-02      1.306128348335E-02      1.218563580233E-02      1.164160456454E-02      1.126355826502E-02      1.098049613021E-02      1.075691763017E-02      1.057310040114E-02      1.573553176194E-01      8.635455146160E-04
     -7.100000000000E-01      5.215456774045E-02      2.020113590653E-02      1.522841303453E-02      1.347069395375E-02      1.256552443620E-02      1.200255527699E-02      1.161088191565E-02      1.131724157881E-02      1.108500268866E-02      1.089381452604E-02      1.595197330790E-01      8.826535373481E-04
     -7.200000000000E-01      5.344875432788E-02      2.082618766396E-02      1.570211067389E-02      1.388751480050E-02      1.295215188130E-02      1.236977808795E-02      1.196411515946E-02      1.165959493763E-02      1.141843309364E-02      1.121963849340E-02      1.616821192706E-01      9.017966754952E-04
     -7.300000000000E-01      5.475649694598E-02      2.146243719299E-02      1.618445150518E-02      1.431180154335E-02      1.334556162972E-02      1.274330674684E-02      1.232328329322E-02      1.200757388805E-02      1.175721952021E-02      1.155057645359E-02      1.638424918820E-01      9.209691633418E-04
     -7.400000000000E-01      5.607775601126E-02      2.210996881303E-02      1.667550805206E-02      1.474361024767E-02      1.374579741862E-02      1.312317499540E-02      1.268841138784E-02      1.236119569407E-02      1.210137205675E-02      1.188663182076E-02      1.660008666695E-01      9.401651463645E-04
     -7.500000000000E-01      5.741249299861E-02      2.276886757045E-02      1.717535364648E-02      1.518299746493E-02      1.415290316829E-02      1.350941650303E-02      1.305952422156E-02      1.272047713394E-02      1.245090013591E-02      1.222780720387E-02      1.681572598374E-01      9.593789099154E-04
     -7.600000000000E-01      5.876067060635E-02      2.343921937438E-02      1.768406253812E-02      1.563002032314E-02      1.456692305792E-02      1.390206493153E-02      1.343664633634E-02      1.308543455009E-02      1.280581257965E-02      1.257410444811E-02      1.703116879577E-01      9.786048493656E-04
     -7.700000000000E-01      6.012225268469E-02      2.412111098173E-02      1.820170988931E-02      1.608473652059E-02      1.498790151547E-02      1.430115392192E-02      1.381980202262E-02      1.345608383306E-02      1.316611758306E-02      1.292552461968E-02      1.724641677305E-01      9.978372038875E-04
     -7.800000000000E-01      6.149720408740E-02      2.481462990994E-02      1.872837171504E-02      1.654720426563E-02      1.541588315203E-02      1.470671702346E-02      1.420901524402E-02      1.383244034276E-02      1.353182263354E-02      1.328206792377E-02      1.746147163610E-01      1.017070634945E-03
     -7.900000000000E-01      6.288549036280E-02      2.551986427801E-02      1.926412476878E-02      1.701748218004E-02      1.585091267298E-02      1.511878761059E-02      1.460430955965E-02      1.421451883637E-02      1.390293444453E-02      1.364373364465E-02      1.767633506820E-01      1.036299506282E-03
     -8.000000000000E-01      6.428707857755E-02      2.623690330282E-02      1.980904692648E-02      1.749562962169E-02      1.629303515985E-02      1.553739913464E-02      1.500570835225E-02      1.460233367737E-02      1.427945914862E-02      1.401052032548E-02      1.789100889825E-01      1.055518486748E-03
     -8.100000000000E-01      6.570193662401E-02      2.696583693629E-02      2.036321691722E-02      1.798170645104E-02      1.674229585400E-02      1.596258491945E-02      1.541323463374E-02      1.499589865020E-02      1.466140212137E-02      1.438242560143E-02      1.810549491457E-01      1.074722166927E-03
     -8.200000000000E-01      6.713003393680E-02      2.770675631618E-02      2.092671467419E-02      1.847577332843E-02      1.719874041805E-02      1.639437839661E-02      1.582691126041E-02      1.539522715965E-02      1.504876816779E-02      1.475944637564E-02      1.831979501722E-01      1.093905406678E-03
     -8.300000000000E-01      6.857133878579E-02      2.845975202945E-02      2.149962001962E-02      1.897789057881E-02      1.766241390133E-02      1.683281214117E-02      1.624676002420E-02      1.580033136956E-02      1.544156070384E-02      1.514157804055E-02      1.853391091968E-01      1.113062793269E-03
     -8.400000000000E-01      7.002582303332E-02      2.922491720444E-02      2.208201502527E-02      1.948812021831E-02      1.813336256667E-02      1.727791955718E-02      1.667280322816E-02      1.621122368713E-02      1.583978316198E-02      1.552881581379E-02      1.874784465326E-01      1.132189281522E-03
     -8.500000000000E-01      7.149345785391E-02      3.000234475092E-02      2.267398191996E-02      2.000652415253E-02      1.861163225471E-02      1.772973335854E-02      1.710506225944E-02      1.662791541434E-02      1.624343771279E-02      1.592115352430E-02      1.896159812884E-01      1.151279840215E-03
     -8.600000000000E-01      7.297421634699E-02      3.079212909575E-02      2.327560441840E-02      2.053316531202E-02      1.909726940035E-02      1.818828650044E-02      1.754355845456E-02      1.705041755870E-02      1.665252602909E-02      1.631858433588E-02      1.917517338769E-01      1.170329486705E-03
     -8.700000000000E-01      7.446807285608E-02      3.159436576224E-02      2.388696740947E-02      2.106810738110E-02      1.959032078061E-02      1.865361194003E-02      1.798831287088E-02      1.747874061511E-02      1.706704907839E-02      1.672110055063E-02      1.938857254044E-01      1.189333280065E-03
     -8.800000000000E-01      7.597499971696E-02      3.240914911821E-02      2.450815524764E-02      2.161141333655E-02      2.009083219716E-02      1.912574142181E-02      1.843934515503E-02      1.791289350611E-02      1.748700612806E-02      1.712869267440E-02      1.960179750222E-01      1.208286495824E-03
     -8.900000000000E-01      7.749497335788E-02      3.323657660223E-02      2.513925498207E-02      2.216314820102E-02      2.059885093943E-02      1.960470773221E-02      1.889667563248E-02      1.835288553312E-02      1.791239657621E-02      1.754135114041E-02      1.981485050146E-01      1.227184350664E-03
     -9.000000000000E-01      7.902797019851E-02      3.407674591031E-02      2.578035422204E-02      2.272337721673E-02      2.111442413794E-02      2.009054318112E-02      1.936032389227E-02      1.879872505017E-02      1.834321870553E-02      1.795906513731E-02      2.002773374928E-01      1.246022230206E-03
     -9.100000000000E-01      8.057396719838E-02      3.492975536801E-02      2.643154142758E-02      2.329216609090E-02      2.163759897768E-02      2.058327979198E-02      1.983030895985E-02      1.925041962382E-02      1.877946983376E-02      1.838182275274E-02      2.024044948748E-01      1.264795618518E-03
     -9.200000000000E-01      8.213294235161E-02      3.579570433202E-02      2.709290622680E-02      2.386958126326E-02      2.216842293030E-02      2.108294950834E-02      2.030664948445E-02      1.970797620612E-02      1.922114647570E-02      1.880961112740E-02      2.045299998623E-01      1.283499941658E-03
     -9.300000000000E-01      8.370487486565E-02      3.667469324592E-02      2.776453946642E-02      2.445568994647E-02      2.270694378321E-02      2.158958421436E-02      2.078936375429E-02      2.017140114717E-02      1.966824435544E-02      1.924241646886E-02      2.066538765664E-01      1.302130906556E-03
     -9.400000000000E-01      8.528974460458E-02      3.756682333995E-02      2.844653299189E-02      2.505055993487E-02      2.325320945982E-02      2.210321556305E-02      2.127846953261E-02      2.064070003971E-02      2.012075826062E-02      1.968022391651E-02      2.087761491162E-01      1.320684232941E-03
     -9.500000000000E-01      8.688753195649E-02      3.847219649702E-02      2.913897955611E-02      2.565425952720E-02      2.380726794618E-02      2.262387490585E-02      2.177398399147E-02      2.111587765882E-02      2.057868198948E-02      2.012301749737E-02      2.108968420066E-01      1.339155665825E-03
     -9.600000000000E-01      8.849821860137E-02      3.939091576464E-02      2.984197321869E-02      2.626685785833E-02      2.436916757431E-02      2.315159354016E-02      2.227592393209E-02      2.159693816124E-02      2.104200853396E-02      2.057078029675E-02      2.130159813660E-01      1.357541380657E-03
     -9.700000000000E-01      9.012178684461E-02      4.032308499208E-02      3.055560907938E-02      2.688842467811E-02      2.493895682540E-02      2.368640253089E-02      2.278430562344E-02      2.208388494083E-02      2.151072995232E-02      2.102349434840E-02      2.151335930122E-01      1.375837279883E-03
     -9.800000000000E-01      9.175822061954E-02      4.126880948894E-02      3.127998379400E-02      2.751903078062E-02      2.551668469799E-02      2.422833303346E-02      2.329914509049E-02      2.257672088978E-02      2.198483760899E-02      2.148114085749E-02      2.172497044252E-01      1.394039544254E-03
     -9.900000000000E-01      9.340750405886E-02      4.222819500127E-02      3.201519479974E-02      2.815874734707E-02      2.610240011787E-02      2.477741575259E-02      2.382045761475E-02      2.307544793723E-02      2.246432174944E-02      2.194369981069E-02      2.193643432936E-01      1.412144468276E-03
     -1.000000000000E+00      9.506962190556E-02      4.320134801473E-02      3.276134055762E-02      2.880764615208E-02      2.669615211672E-02      2.533368110126E-02      2.434825787963E-02      2.358006718599E-02      2.294917163198E-02      2.241115010584E-02      2.214775377048E-01      1.430148286067E-03
     -1.010000000000E+00      9.674456125080E-02      4.418837703645E-02      3.351852154677E-02      2.946580040074E-02      2.729799056492E-02      2.589715985683E-02      2.488256056706E-02      2.409057946091E-02      2.343937603612E-02      2.288347002665E-02      2.235893179286E-01      1.448047553897E-03
     -1.020000000000E+00      9.843230778269E-02      4.518938984841E-02      3.428683817617E-02      3.013328297121E-02      2.790796461565E-02      2.646788175409E-02      2.542337907377E-02      2.460698413400E-02      2.393492218708E-02      2.336063625978E-02      2.256997130476E-01      1.465838907547E-03
     -1.030000000000E+00      1.001328501198E-01      4.620449668489E-02      3.506639322358E-02      3.081016846177E-02      2.852612449866E-02      2.704587709191E-02      2.597072696884E-02      2.512928045711E-02      2.443579698072E-02      2.384262502490E-02      2.278087547778E-01      1.483519086176E-03
     -1.040000000000E+00      1.018461784639E-01      4.723380923031E-02      3.585729107741E-02      3.149653254851E-02      2.915252094334E-02      2.763117620444E-02      2.652461750643E-02      2.565746711351E-02      2.494198657278E-02      2.432941170075E-02      2.299164763579E-01      1.501084897523E-03
     -1.050000000000E+00      1.035722810285E-01      4.827743799276E-02      3.665963575054E-02      3.219245033524E-02      2.978720373875E-02      2.822380817880E-02      2.708506247537E-02      2.619154118438E-02      2.545347545201E-02      2.482096999738E-02      2.320229094312E-01      1.518533387384E-03
     -1.060000000000E+00      1.053111497641E-01      4.933549657098E-02      3.747353415199E-02      3.289799908234E-02      3.043022410822E-02      2.882380296596E-02      2.765207409826E-02      2.673149986951E-02      2.597024800625E-02      2.531727338547E-02      2.341280890024E-01      1.535861645970E-03
     -1.070000000000E+00      1.070627766619E-01      5.040809886228E-02      3.829909396300E-02      3.361325643694E-02      3.108163316024E-02      2.943118999671E-02      2.822566378505E-02      2.727733936270E-02      2.649228750893E-02      2.581829418580E-02      2.362320504600E-01      1.553067121214E-03
     -1.080000000000E+00      1.088271546539E-01      5.149535970944E-02      3.913642414627E-02      3.433830085236E-02      3.174148224184E-02      3.004599848613E-02      2.880584240146E-02      2.782905509348E-02      2.701957634129E-02      2.632400377752E-02      2.383348301737E-01      1.570146882889E-03
     -1.090000000000E+00      1.106042781926E-01      5.259739549247E-02      3.998563541547E-02      3.507321199686E-02      3.240982330557E-02      3.066825777085E-02      2.939262058530E-02      2.838664202886E-02      2.755209628381E-02      2.683437288217E-02      2.404364654255E-01      1.587098426647E-03
     -1.100000000000E+00      1.123941430856E-01      5.371432373649E-02      4.084683994841E-02      3.581807049942E-02      3.308670866476E-02      3.129799707083E-02      2.998600851741E-02      2.895009445680E-02      2.808982831539E-02      2.734937138107E-02      2.425369962843E-01      1.603919710950E-03
     -1.110000000000E+00      1.141967452530E-01      5.484626225365E-02      4.172015073156E-02      3.657295742104E-02      3.377219054505E-02      3.193524510297E-02      3.058601558998E-02      2.951940570536E-02      2.863275238070E-02      2.786896812845E-02      2.446364630645E-01      1.620608726626E-03
     -1.120000000000E+00      1.160120825797E-01      5.599333085855E-02      4.260568293853E-02      3.733795541339E-02      3.446632209071E-02      3.258003097444E-02      3.119265121209E-02      3.009456887793E-02      2.918084806735E-02      2.839313157974E-02      2.467349066340E-01      1.637163068065E-03
     -1.130000000000E+00      1.178401537367E-01      5.715564986086E-02      4.350355269735E-02      3.811314766665E-02      3.516915642481E-02      3.323238332632E-02      3.180592402469E-02      3.067557613327E-02      2.973409394730E-02      2.892182919132E-02      2.488323706698E-01      1.653581259069E-03
     -1.140000000000E+00      1.196809593335E-01      5.833334149226E-02      4.441387829600E-02      3.889861895446E-02      3.588074758231E-02      3.389233118561E-02      3.242584269174E-02      3.126241942946E-02      3.029246828298E-02      2.945502809527E-02      2.509288998905E-01      1.669861522281E-03
     -1.150000000000E+00      1.215345016807E-01      5.952652954290E-02      4.533677988089E-02      3.969445536013E-02      3.660115024391E-02      3.455990370442E-02      3.305241564809E-02      3.185509028466E-02      3.085594880433E-02      2.999269489537E-02      2.530245406267E-01      1.686001880330E-03
     -1.160000000000E+00      1.234007820519E-01      6.073533685996E-02      4.627237754019E-02      4.050074273298E-02      3.733041844107E-02      3.523512905544E-02      3.368565015526E-02      3.245357897402E-02      3.142451203266E-02      3.053479510579E-02      2.551193405538E-01      1.702001896637E-03
     -1.170000000000E+00      1.252798062365E-01      6.195989029652E-02      4.722079514262E-02      4.131756983111E-02      3.806860822222E-02      3.591803673767E-02      3.432555431676E-02      3.305787630206E-02      3.199813484446E-02      3.108129453281E-02      2.572133499777E-01      1.717860109161E-03
     -1.180000000000E+00      1.271715791799E-01      6.320031596828E-02      4.818215670192E-02      4.214502534886E-02      3.881577511633E-02      3.660865537208E-02      3.497213515169E-02      3.366797192008E-02      3.257679300823E-02      3.163215801119E-02      2.593066197402E-01      1.733575210860E-03
     -1.190000000000E+00      1.290761093055E-01      6.445674297971E-02      4.915658926797E-02      4.298320031681E-02      3.957197620229E-02      3.730701452200E-02      3.562540021486E-02      3.428385577858E-02      3.316046249164E-02      3.218735058279E-02      2.613992040854E-01      1.749146704773E-03
     -1.200000000000E+00      1.309934059640E-01      6.572930127556E-02      5.014422128794E-02      4.383218675548E-02      4.033726894842E-02      3.801314367452E-02      3.628535670041E-02      3.490551734185E-02      3.374911877930E-02      3.274683691043E-02      2.634911583571E-01      1.764573965453E-03
     -1.210000000000E+00      1.329234796541E-01      6.701812155917E-02      5.114518256299E-02      4.469207765257E-02      4.111171119696E-02      3.872707223250E-02      3.695201144608E-02      3.553294560898E-02      3.434273691335E-02      3.331058133961E-02      2.655825406666E-01      1.779856637840E-03
     -1.220000000000E+00      1.348663453128E-01      6.832333857508E-02      5.215960681235E-02      4.556296909607E-02      4.189536300390E-02      3.944883113287E-02      3.762537237377E-02      3.616613040573E-02      3.494129265680E-02      3.387854894748E-02      2.676734113785E-01      1.794994431970E-03
     -1.230000000000E+00      1.368220140122E-01      6.964508321879E-02      5.318762556228E-02      4.644495524238E-02      4.268828232229E-02      4.017844907372E-02      3.830544516908E-02      3.680505945930E-02      3.554475992230E-02      3.445070329286E-02      2.697638317786E-01      1.809987642757E-03
     -1.240000000000E+00      1.387905048748E-01      7.098349349298E-02      5.422937670718E-02      4.733813542693E-02      4.349053113939E-02      4.091595791653E-02      3.899223808606E-02      3.744972269443E-02      3.615311462206E-02      3.502700986654E-02      2.718538680279E-01      1.824836545106E-03
     -1.250000000000E+00      1.407718362675E-01      7.233870647788E-02      5.528499824972E-02      4.824260896355E-02      4.430217097159E-02      4.166138870832E-02      3.968575840887E-02      3.810010908087E-02      3.676633186303E-02      3.560743360401E-02      2.739435871742E-01      1.839541675982E-03
     -1.260000000000E+00      1.427660291201E-01      7.371086122797E-02      5.635463058129E-02      4.915847709021E-02      4.512326459064E-02      4.241477324344E-02      4.038601388154E-02      3.875620795141E-02      3.738438716581E-02      3.619194001296E-02      2.760330593728E-01      1.854103945588E-03
     -1.270000000000E+00      1.447731081622E-01      7.510009991081E-02      5.743841742967E-02      5.008584374159E-02      4.595387665861E-02      4.317614459559E-02      4.109301316479E-02      3.941800940413E-02      3.800725682722E-02      3.678049550655E-02      2.781223585111E-01      1.868524086847E-03
     -1.280000000000E+00      1.467930985818E-01      7.650656463169E-02      5.853650342902E-02      5.102481364834E-02      4.679407219570E-02      4.394553586830E-02      4.180676482025E-02      4.008550348701E-02      3.863491727878E-02      3.737306691249E-02      2.802115613929E-01      1.882804095386E-03
     -1.290000000000E+00      1.488260294110E-01      7.793040082759E-02      5.964903669690E-02      5.197549437179E-02      4.764391822915E-02      4.472298155076E-02      4.252727843552E-02      4.075868113684E-02      3.926734587226E-02      3.796962213018E-02      2.823007456275E-01      1.896944339171E-03
     -1.300000000000E+00      1.508719325250E-01      7.937175567131E-02      6.077616769191E-02      5.293799548516E-02      4.850348320098E-02      4.550851710054E-02      4.325456435282E-02      4.143753403304E-02      3.990452084091E-02      3.857013018243E-02      2.843899955333E-01      1.910947298737E-03
     -1.310000000000E+00      1.529308431715E-01      8.083077933380E-02      6.191805021651E-02      5.391242937889E-02      4.937283762185E-02      4.630217948276E-02      4.398863412234E-02      4.212205498661E-02      4.054642163902E-02      3.917456151599E-02      2.864793952386E-01      1.924812982552E-03
     -1.320000000000E+00      1.550027985338E-01      8.230762218617E-02      6.307483924319E-02      5.489890955297E-02      5.025205269271E-02      4.710400604531E-02      4.472949958820E-02      4.281223720775E-02      4.119302836776E-02      3.978288756444E-02      2.885690395439E-01      1.938547406017E-03
     -1.330000000000E+00      1.570878413084E-01      8.380243978234E-02      6.424669485452E-02      5.589755379436E-02      5.114120292848E-02      4.791403671676E-02      4.547717474479E-02      4.350807587930E-02      4.184432310802E-02      4.039508187227E-02      2.906590230742E-01      1.952152818204E-03
     -1.340000000000E+00      1.591860148562E-01      8.531538730340E-02      6.543377792912E-02      5.690848084652E-02      5.204036354316E-02      4.873231194870E-02      4.623167413991E-02      4.420956695313E-02      4.250028905649E-02      4.101111952449E-02      2.927494424469E-01      1.965631233920E-03
     -1.350000000000E+00      1.612973708656E-01      8.684662678727E-02      6.663625583313E-02      5.793181494380E-02      5.294961414086E-02      4.955887575357E-02      4.699301538292E-02      4.491670921506E-02      4.316091221122E-02      4.163097850213E-02      2.948404030355E-01      1.978986069950E-03
     -1.360000000000E+00      1.634219600848E-01      8.839631852198E-02      6.785429569644E-02      5.896768047794E-02      5.386903437279E-02      5.039377212460E-02      4.776121619093E-02      4.562950186297E-02      4.382617940820E-02      4.225463811564E-02      2.969320114047E-01      1.992221623620E-03
     -1.370000000000E+00      1.655598411566E-01      8.996462900748E-02      6.908807070992E-02      6.001620712633E-02      5.479870823291E-02      5.123704869443E-02      4.853629753448E-02      4.634794722498E-02      4.449608067392E-02      4.288208103865E-02      2.990243815825E-01      2.005341786413E-03
     -1.380000000000E+00      1.677110764037E-01      9.155172706966E-02      7.033775711397E-02      6.107752750028E-02      5.573872217675E-02      5.208875521450E-02      4.931828241221E-02      4.707204978359E-02      4.517060846194E-02      4.351329272441E-02      3.011176322539E-01      2.018351137925E-03
     -1.390000000000E+00      1.698757349012E-01      9.315778685416E-02      7.160353662240E-02      6.215177910630E-02      5.668916673415E-02      5.294894489883E-02      5.010719698195E-02      4.780181713440E-02      4.584975846782E-02      4.414826209731E-02      3.032118891105E-01      2.031254728347E-03
     -1.400000000000E+00      1.720538884662E-01      9.478298332547E-02      7.288559285555E-02      6.323910164243E-02      5.765013445641E-02      5.381767287358E-02      5.090306941560E-02      4.853725917550E-02      4.653352909540E-02      4.478698124630E-02      3.053072833171E-01      2.044058568674E-03
     -1.410000000000E+00      1.742456151432E-01      9.642749661070E-02      7.418411483900E-02      6.433963977573E-02      5.862172214465E-02      5.469499798116E-02      5.170593136773E-02      4.927838930442E-02      4.722192242907E-02      4.542944620774E-02      3.074039482516E-01      2.056767315608E-03
     -1.420000000000E+00      1.764510033088E-01      9.809151463718E-02      7.549929917399E-02      6.545354501861E-02      5.960403252582E-02      5.558098429590E-02      5.251581935264E-02      5.002522566928E-02      4.791494536519E-02      4.607565797933E-02      3.095020323208E-01      2.069389285884E-03
     -1.430000000000E+00      1.786701428455E-01      9.977522494208E-02      7.683134356717E-02      6.658097060638E-02      6.059717010060E-02      5.647569773033E-02      5.333277198408E-02      5.077778895615E-02      4.861260787957E-02      4.672562120995E-02      3.116016850978E-01      2.081929510144E-03
     -1.440000000000E+00      1.809031343086E-01      1.014788236958E-01      7.818045401327E-02      6.772207735549E-02      6.160124605784E-02      5.737921020753E-02      5.415683352606E-02      5.153610539830E-02      4.931492555217E-02      4.737934628319E-02      3.137030667939E-01      2.094396303732E-03
     -1.450000000000E+00      1.831500851420E-01      1.032025116845E-01      7.954684171430E-02      6.887703132953E-02      6.261637647875E-02      5.829159827914E-02      5.498805284838E-02      5.230020601508E-02      5.002191904536E-02      4.803684899646E-02      3.158063454398E-01      2.106797960325E-03
     -1.460000000000E+00      1.854111118087E-01      1.049464962483E-01      8.093072465326E-02      7.004600510453E-02      6.364268336532E-02      5.921294397411E-02      5.582648414032E-02      5.307012722382E-02      5.073361463727E-02      4.869815103225E-02      3.179116983431E-01      2.119142999270E-03
     -1.470000000000E+00      1.876863403437E-01      1.067109918145E-01      8.233232805497E-02      7.122917835006E-02      6.468029533910E-02      6.014333557383E-02      5.667218772421E-02      5.384591165918E-02      5.145004501784E-02      4.936328070460E-02      3.200193120304E-01      2.131440943988E-03
     -1.480000000000E+00      1.899759054600E-01      1.084962187919E-01      8.375188370600E-02      7.242673740878E-02      6.572934739511E-02      6.108286750581E-02      5.752523007448E-02      5.462760830860E-02      5.217124953182E-02      5.003227330007E-02      3.221293838911E-01      2.143701665839E-03
     -1.490000000000E+00      1.922799527266E-01      1.103024051486E-01      8.518963106842E-02      7.363887626157E-02      6.678998178829E-02      6.203164115705E-02      5.838568455305E-02      5.541527316263E-02      5.289727473533E-02      5.070517153147E-02      3.242421224343E-01      2.155937133488E-03
     -1.500000000000E+00      1.945986411146E-01      1.121297905653E-01      8.664582086633E-02      7.486579954777E-02      6.786235061043E-02      6.298976709675E-02      5.925363333932E-02      5.620897089519E-02      5.362817585688E-02      5.138202680214E-02      3.263577440457E-01      2.168157429785E-03
     -1.510000000000E+00      1.969321395771E-01      1.139786188742E-01      8.812070896938E-02      7.610771785272E-02      6.894661215377E-02      6.395736227512E-02      6.012916530113E-02      5.700877328916E-02      5.436401568643E-02      5.206289848435E-02      3.284764854240E-01      2.180375752201E-03
     -1.520000000000E+00      1.992806349988E-01      1.158491507622E-01      8.961456678681E-02      7.736485609942E-02      7.004293779184E-02      6.493455571265E-02      6.101238070187E-02      5.781476310813E-02      5.510486772003E-02      5.274785642106E-02      3.305985928294E-01      2.192605710222E-03
     -1.530000000000E+00      2.016443250593E-01      1.177416531929E-01      9.112767283720E-02      7.863744719972E-02      7.115150723528E-02      6.592148498950E-02      6.190338866204E-02      5.862703233791E-02      5.585081503273E-02      5.343698031114E-02      3.327243263922E-01      2.204861769725E-03
     -1.540000000000E+00      2.040234263548E-01      1.196564084929E-01      9.266032009937E-02      7.992573790662E-02      7.227251324477E-02      6.691830006432E-02      6.280231025101E-02      5.944568467236E-02      5.660195225023E-02      5.413036123984E-02      3.348539635803E-01      2.217159328320E-03
     -1.550000000000E+00      2.064181675983E-01      1.215937067633E-01      9.421281015558E-02      8.122998460509E-02      7.340615869771E-02      6.792516131638E-02      6.370927728714E-02      6.027083490949E-02      5.735838541506E-02      5.482810191454E-02      3.369877944104E-01      2.229514341894E-03
     -1.560000000000E+00      2.088288055738E-01      1.235538616171E-01      9.578546572544E-02      8.255046297038E-02      7.455266402036E-02      6.894224523640E-02      6.462443663235E-02      6.110261210579E-02      5.812023419888E-02      5.553031809400E-02      3.391261377477E-01      2.241946508793E-03
     -1.570000000000E+00      2.112556127293E-01      1.255371990577E-01      9.737862215930E-02      8.388746211415E-02      7.571226344139E-02      6.996974228150E-02      6.554794926066E-02      6.194115956298E-02      5.888763257684E-02      5.623713976744E-02      3.412693235788E-01      2.254474574258E-03
     -1.580000000000E+00      2.136988886334E-01      1.275440663280E-01      9.899263450192E-02      8.524128994196E-02      7.688520899164E-02      7.100785982700E-02      6.647999239930E-02      6.278663634116E-02      5.966072985734E-02      5.694871181810E-02      3.434177100246E-01      2.267118331169E-03
     -1.590000000000E+00      2.161589455992E-01      1.295748178668E-01      1.006278664350E-01      8.661226543590E-02      7.807176548959E-02      7.205681919221E-02      6.742075807093E-02      6.363921691600E-02      6.043969114264E-02      5.766519504286E-02      3.455716694084E-01      2.279900941803E-03
     -1.600000000000E+00      2.186361403056E-01      1.316298494064E-01      1.022847179081E-01      8.800073966491E-02      7.927222627969E-02      7.311686727924E-02      6.837046150939E-02      6.449909703434E-02      6.122470114224E-02      5.838676833911E-02      3.477316108261E-01      2.292847242131E-03
     -1.610000000000E+00      2.211308504102E-01      1.337095703096E-01      1.039636030285E-01      8.940707964645E-02      8.048690188020E-02      7.418826890259E-02      6.932933632858E-02      6.536649108671E-02      6.201596325940E-02      5.911362912110E-02      3.498979673795E-01      2.305983574070E-03
     -1.620000000000E+00      2.236434890292E-01      1.358144217378E-01      1.056649649917E-01      9.083168008661E-02      8.171612919387E-02      7.527131400609E-02      7.029764013543E-02      6.624163640834E-02      6.281370280826E-02      5.984599563766E-02      3.520711967586E-01      2.319336490899E-03
     -1.630000000000E+00      2.261745033454E-01      1.379448707422E-01      1.073892715375E-01      9.227496041063E-02      8.296026981883E-02      7.636631692679E-02      7.127565448312E-02      6.712479372579E-02      6.361816781155E-02      6.058410801896E-02      3.542517970536E-01      2.332937416252E-03
     -1.640000000000E+00      2.287243833722E-01      1.401014222979E-01      1.091370249656E-01      9.373737302288E-02      8.421971694695E-02      7.747362218809E-02      7.226368972826E-02      6.801625120285E-02      6.442963233608E-02      6.132823098809E-02      3.564402995451E-01      2.346818773103E-03
     -1.650000000000E+00      2.312936662560E-01      1.422846230897E-01      1.109087655969E-01      9.521940636062E-02      8.549489806460E-02      7.859360688938E-02      7.326208713885E-02      6.891632629525E-02      6.524839812486E-02      6.207865530362E-02      3.586372766400E-01      2.361016442744E-03
     -1.660000000000E+00      2.338829265106E-01      1.444950451359E-01      1.127050584134E-01      9.672157533171E-02      8.678626852400E-02      7.972667667628E-02      7.427121667519E-02      6.982536489865E-02      6.607479478009E-02      6.283569872808E-02      3.608433464629E-01      2.375569173566E-03
     -1.670000000000E+00      2.364928082575E-01      1.467333296228E-01      1.145265299634E-01      9.824445052361E-02      8.809433450492E-02      8.087328376692E-02      7.529149106847E-02      7.074375222834E-02      6.690918803086E-02      6.359971215629E-02      3.630591753842E-01      2.390520771114E-03
     -1.680000000000E+00      2.391240053515E-01      1.490001563167E-01      1.163738429089E-01      9.978863943917E-02      8.941963980286E-02      8.203391799177E-02      7.632336006330E-02      7.167190947023E-02      6.775197819526E-02      6.437107943699E-02      3.652854781267E-01      2.405916442802E-03
     -1.690000000000E+00      2.417772849563E-01      1.512962716007E-01      1.182477199895E-01      1.013548053934E-01      9.076278050619E-02      8.320911817647E-02      7.736731924489E-02      7.261030062620E-02      6.860360549703E-02      6.515022152472E-02      3.675230352354E-01      2.421807069357E-03
     -1.700000000000E+00      2.444534801116E-01      1.536224822839E-01      1.201489393843E-01      1.029436650411E-01      9.212440431630E-02      8.439947267428E-02      7.842391127799E-02      7.355943407988E-02      6.946455169158E-02      6.593759798640E-02      3.697726772426E-01      2.438244515604E-03
     -1.710000000000E+00      2.471535160381E-01      1.559796759425E-01      1.220783519257E-01      1.045560031500E-01      9.350522349094E-02      8.560563093277E-02      7.949373642330E-02      7.451987231176E-02      7.033534917973E-02      6.673371567866E-02      3.720353239463E-01      2.455291853655E-03
     -1.720000000000E+00      2.498784058295E-01      1.583688203701E-01      1.240368811453E-01      1.061926732453E-01      9.490601594577E-02      8.682830478428E-02      8.057745376866E-02      7.549223289329E-02      7.121658165640E-02      6.753912899603E-02      3.743119686167E-01      2.473013783745E-03
     -1.730000000000E+00      2.526292706336E-01      1.607909836016E-01      1.260255411997E-01      1.078546130175E-01      9.632763845216E-02      8.806827983513E-02      8.167579115442E-02      7.647719723238E-02      7.210889191430E-02      6.835444693444E-02      3.766036970265E-01      2.491484117918E-03
     -1.740000000000E+00      2.554073461936E-01      1.632473407267E-01      1.280454426392E-01      1.095428500175E-01      9.777103249654E-02      8.932642133592E-02      8.278955083799E-02      7.747551586783E-02      7.301298667339E-02      6.918033741701E-02      3.789116899682E-01      2.510782450536E-03
     -1.750000000000E+00      2.582140014152E-01      1.657391866376E-01      1.300978044723E-01      1.112585131814E-01      9.923723528498E-02      9.060368475546E-02      8.391961973268E-02      7.848801846354E-02      7.392964641555E-02      7.001753704631E-02      3.812372510699E-01      2.530998834605E-03
     -1.760000000000E+00      2.610507503358E-01      1.682679566154E-01      1.321839720406E-01      1.130028479640E-01      1.007273926344E-01      9.190112664516E-02      8.506697834333E-02      7.951562090760E-02      7.485973076491E-02      7.086685490650E-02      3.835817969019E-01      2.552231098164E-03
     -1.770000000000E+00      2.639192826338E-01      1.708352533014E-01      1.343054409179E-01      1.147772368949E-01      1.022427766907E-01      9.321992007207E-02      8.623271436967E-02      8.055933745972E-02      7.580418949461E-02      7.172918269664E-02      3.859468952987E-01      2.574590193641E-03
     -1.780000000000E+00      2.668214727723E-01      1.734428521493E-01      1.364638631757E-01      1.165832078389E-01      1.037847959038E-01      9.456136577857E-02      8.741803458038E-02      8.162029299398E-02      7.676407490696E-02      7.260550710196E-02      3.883342707844E-01      2.598197099203E-03
     -1.790000000000E+00      2.697594167642E-01      1.760927461122E-01      1.386610859615E-01      1.184224657518E-01      1.053550210922E-01      9.592691358228E-02      8.862428233729E-02      8.269973727653E-02      7.774055339005E-02      7.349691907600E-02      3.907458223371E-01      2.623183209731E-03
     -1.800000000000E+00      2.727354523489E-01      1.787871505074E-01      1.408991581560E-01      1.202969022147E-01      1.069551973087E-01      9.731817590989E-02      8.985295225791E-02      8.379906037842E-02      7.873492133844E-02      7.440463012339E-02      3.931836838346E-01      2.649715368100E-03
     -1.810000000000E+00      2.757522125100E-01      1.815285797459E-01      1.431803969364E-01      1.222086497007E-01      1.085872876282E-01      9.873696303189E-02      9.110571845435E-02      8.491981515342E-02      7.974862286633E-02      7.532998606213E-02      3.956502054028E-01      2.677964259705E-03
     -1.820000000000E+00      2.788126541637E-01      1.843198559619E-01      1.455073965001E-01      1.241600929406E-01      1.102534869749E-01      1.001852988821E-01      9.238445193899E-02      8.606373592576E-02      8.078326955702E-02      7.627448766981E-02      3.981480162681E-01      2.708126329517E-03
     -1.830000000000E+00      2.819201133458E-01      1.871641797776E-01      1.478830941870E-01      1.261539277435E-01      1.119562742150E-01      1.016654670518E-01      9.369126101367E-02      8.723277374176E-02      8.184067106213E-02      7.723981712827E-02      4.006800596344E-01      2.740425991328E-03
     -1.840000000000E+00      2.850783569624E-01      1.900651695405E-01      1.503108040237E-01      1.281931907450E-01      1.136984388098E-01      1.031800351084E-01      9.502851396039E-02      8.842911799901E-02      8.292285609169E-02      7.822785866882E-02      4.032496390973E-01      2.775121045393E-03
     -1.850000000000E+00      2.882916717345E-01      1.930269751597E-01      1.527943206174E-01      1.302813495507E-01      1.154831591220E-01      1.047319231593E-01      9.639889951899E-02      8.965525014881E-02      8.403212041132E-02      7.924074175435E-02      4.058604668263E-01      2.812510705306E-03
     -1.860000000000E+00      2.915649335737E-01      1.960543088447E-01      1.553379478775E-01      1.324223333342E-01      1.173140341196E-01      1.063244355740E-01      9.780545783463E-02      9.091397341259E-02      8.517105513879E-02      8.028086794450E-02      4.085167843772E-01      2.852938224161E-03
     -1.870000000000E+00      2.949037397933E-01      1.991526237564E-01      1.579466601624E-01      1.346206699308E-01      1.191951997351E-01      1.079613610240E-01      9.925166793038E-02      9.220849056257E-02      8.634261695871E-02      8.135097509270E-02      4.112233953291E-01      2.896807238049E-03
     -1.880000000000E+00      2.983144676670E-01      2.023281512380E-01      1.606261417007E-01      1.368815293990E-01      1.211313751238E-01      1.096470196642E-01      1.007414944220E-01      9.354244928066E-02      8.755017165937E-02      8.245417889203E-02      4.139857554786E-01      2.944586293623E-03
     -1.890000000000E+00      3.018045239941E-01      2.055881670750E-01      1.633830232369E-01      1.392109261208E-01      1.231280348412E-01      1.113864113413E-01      1.022795169324E-01      9.492005684094E-02      8.879759716521E-02      8.359406656911E-02      4.168101556583E-01      2.996827059674E-03
     -1.900000000000E+00      3.053824384111E-01      2.089410735257E-01      1.662249662733E-01      1.416158070360E-01      1.251914995390E-01      1.131853067522E-01      1.038710201037E-01      9.634616790716E-02      9.008936850976E-02      8.477477875007E-02      4.197038266260E-01      3.054191134899E-03
     -1.910000000000E+00      3.090581696251E-01      2.123967370904E-01      1.691609673105E-01      1.441043143113E-01      1.273291617232E-01      1.150504427592E-01      1.055221642246E-01      9.782643512181E-02      9.143069204663E-02      8.600113015848E-02      4.226751501086E-01      3.117467291022E-03
     -1.920000000000E+00      3.128433484744E-01      2.159667249610E-01      1.722015828783E-01      1.466859931494E-01      1.295496761279E-01      1.169896976400E-01      1.072401480858E-01      9.936746194196E-02      9.282765012804E-02      8.727874753146E-02      4.257338967007E-01      3.187607705207E-03
     -1.930000000000E+00      3.167516775630E-01      2.196647002431E-01      1.753592940242E-01      1.493721203587E-01      1.318632560159E-01      1.190123602968E-01      1.090334558443E-01      1.009770311194E-01      9.428741441962E-02      8.861427036595E-02      4.288916076159E-01      3.265820191880E-03
     -1.940000000000E+00      3.207993030371E-01      2.235068871729E-01      1.786489431294E-01      1.521761023785E-01      1.342820335366E-01      1.211294557258E-01      1.109121505773E-01      1.026643691376E-01      9.581848375234E-02      9.001556444432E-02      4.321616917253E-01      3.353518328528E-03
     -1.950000000000E+00      3.250054394968E-01      2.275126658947E-01      1.820882919052E-01      1.551139826878E-01      1.368205190444E-01      1.233541637217E-01      1.128882600669E-01      1.044405056454E-01      9.743102247089E-02      9.149204322574E-02      4.355601235030E-01      3.452506928376E-03
     -1.960000000000E+00      3.293930966133E-01      2.317053712309E-01      1.856987709043E-01      1.582051152011E-01      1.394962001085E-01      1.257023534276E-01      1.149762576787E-01      1.063187099960E-01      9.913726010524E-02      9.305503646726E-02      4.391059702900E-01      3.565059816227E-03
     -1.970000000000E+00      3.339900514083E-01      2.361132413613E-01      1.895063896293E-01      1.614730372456E-01      1.423303776346E-01      1.281933831591E-01      1.171938270825E-01      1.083152224923E-01      1.009521909656E-01      9.471846005158E-02      4.428222611505E-01      3.694113911365E-03
     -1.980000000000E+00      3.388294685037E-01      2.407704527955E-01      1.935427373767E-01      1.649463162013E-01      1.453488489795E-01      1.308506407149E-01      1.195622852349E-01      1.104495828824E-01      1.028938268191E-01      9.649900761454E-02      4.467360979479E-01      3.843360637275E-03
     -1.990000000000E+00      3.439525239768E-01      2.457193024317E-01      1.978470433731E-01      1.686605709704E-01      1.485839008904E-01      1.337035026392E-01      1.221085017903E-01      1.127465054968E-01      1.049850251795E-01      9.841793086135E-02      4.508814728251E-01      4.017822728132E-03
     -2.000000000000E+00      3.494091980089E-01      2.510118845398E-01      2.024678583100E-01      1.726599207904E-01      1.520754947323E-01      1.367882822189E-01      1.248656477192E-01      1.152364641332E-01      1.072539405035E-01      1.005013814562E-01      4.552989933419E-01      4.224019858156E-03
      0.000000000000E+00      7.809841662265E-11      5.675460101884E-12      4.256595076413E-12      3.783640067923E-12      3.546940519072E-12      3.405276061130E-12      3.310240970222E-12      3.242739410325E-12      3.192113240402E-12      3.152589300726E-12      3.310508206678E-06      1.033395591321E-12
#
#
# Calculation finished at  2022-10-16 07:24:04