# M=26, N=13, Vp=0.0, t=1.0, n=1, Vstart=-2.0, Vstop=0.0, Vnum=201, PBC
# start time 2022-10-16 02:17:39
#                       V#                 S1(n=1)#                 S2(n=1)                 S3(n=1)#                 S4(n=1)#                 S5(n=1)#                 S6(n=1)#                 S7(n=1)#                 S8(n=1)#                 S9(n=1)#                S10(n=1)#               S1/2(n=1)#               Sinf(n=1)
     -1.000000000000E-02      2.444267599477E-05      3.533979377579E-06      2.650486874867E-06      2.355986437497E-06      2.208735508269E-06      2.120384382298E-06      2.061483157068E-06      2.019410447751E-06      1.987855560159E-06      1.963312553421E-06      2.367385949223E-03      2.294637511113E-07
     -2.000000000000E-02      8.813515669948E-05      1.416551573952E-05      1.062417442910E-05      9.443680081933E-06      8.853421462174E-06      8.499257134087E-06      8.263139950948E-06      8.094478280096E-06      7.967976304535E-06      7.869580791464E-06      4.731751892605E-03      9.127904996298E-07
     -3.000000000000E-02      1.857222893951E-04      3.193937370716E-05      2.395472155747E-05      2.129293033049E-05      1.996197639897E-05      1.916335738983E-05      1.863090584253E-05      1.825054998861E-05      1.796525394360E-05      1.774333110482E-05      7.093118850874E-03      2.042390640611E-06
     -4.000000000000E-02      3.144139579656E-04      5.690074390596E-05      4.267616502052E-05      3.793387432927E-05      3.556254348158E-05      3.413959659770E-05      3.319084169817E-05      3.251305365115E-05      3.200461988984E-05      3.160908898758E-05      9.451499622878E-03      3.610659924380E-06
     -5.000000000000E-02      4.722957158143E-04      8.909525359391E-05      6.682292865223E-05      5.939694365376E-05      5.568349533558E-05      5.345506179077E-05      5.196913564642E-05      5.090749945813E-05      5.011104450370E-05      4.949137704724E-05      1.180690762970E-02      5.609984169208E-06
     -6.000000000000E-02      6.579146477876E-04      1.285689707657E-04      9.642982771130E-05      8.571286663361E-05      8.035343476243E-05      7.713701487821E-05      7.499210103035E-05      7.345947638404E-05      7.230953252169E-05      7.141470921068E-05      1.415935634949E-02      8.032739088115E-06
     -7.000000000000E-02      8.701044091146E-04      1.753684053991E-04      1.315320711130E-04      1.169126687728E-04      1.096011936301E-04      1.052128901406E-04      1.022861725883E-04      1.001946470955E-04      9.862511672321E-05      9.740358317156E-05      1.650885912336E-02      1.087128666821E-05
     -8.000000000000E-02      1.107894133146E-03      2.295405164641E-04      1.721652680189E-04      1.530276770034E-04      1.434558353219E-04      1.377102951134E-04      1.338779058915E-04      1.311387460188E-04      1.290828546767E-04      1.274824758544E-04      1.885542931016E-02      1.411798845075E-05
     -9.000000000000E-02      1.370454777887E-03      2.911327092128E-04      2.183654271670E-04      1.940895174539E-04      1.819466510629E-04      1.746570055570E-04      1.697939710055E-04      1.663175717237E-04      1.637078198686E-04      1.616758333052E-04      2.119908002247E-02      1.776518938046E-05
     -1.000000000000E-01      1.657064888188E-03      3.601928444299E-04      2.701689652063E-04      2.401301211914E-04      2.251031636833E-04      2.160809675265E-04      2.100611530182E-04      2.057569859990E-04      2.025250993896E-04      2.000080670328E-04      2.353982440414E-02      2.180523212258E-05
     -1.100000000000E-01      1.967087361864E-03      4.367692416531E-04      3.276127105400E-04      2.911817259372E-04      2.729551275649E-04      2.620102957422E-04      2.547063489367E-04      2.494829093447E-04      2.455597880653E-04      2.425035468181E-04      2.587767553293E-02      2.623044472960E-05
     -1.200000000000E-01      2.299952949327E-03      5.209106761166E-04      3.907339024991E-04      3.472768735930E-04      3.255325246196E-04      3.124732681168E-04      3.037565608168E-04      2.975213127399E-04      2.928369788959E-04      2.891865898458E-04      2.821264628518E-02      3.103315081709E-05
     -1.300000000000E-01      2.655148188635E-03      6.126663932582E-04      4.595702037227E-04      4.084484194729E-04      3.828655711970E-04      3.674983307280E-04      3.572388990096E-04      3.498982192891E-04      3.443817631901E-04      3.400814593904E-04      3.054474959369E-02      3.620566765772E-05
     -1.400000000000E-01      3.032206192780E-03      7.120860966379E-04      5.341596926240E-04      4.747295238081E-04      4.449847083317E-04      4.271140867664E-04      4.151805698016E-04      4.066396905591E-04      4.002192156003E-04      3.952123485695E-04      3.287399814125E-02      4.174029902382E-05
     -1.500000000000E-01      3.430699642674E-03      8.192199747650E-04      6.145408850933E-04      5.461536691818E-04      5.119206162467E-04      4.913493087222E-04      4.776088855922E-04      4.677718349395E-04      4.603744008067E-04      4.546033854380E-04      3.520040480014E-02      4.762933250824E-05
     -1.600000000000E-01      3.850235048310E-03      9.341186663963E-04      7.007527100651E-04      6.227546369484E-04      5.837041903796E-04      5.602329136023E-04      5.445512391238E-04      5.333207807894E-04      5.248723455189E-04      5.182786038254E-04      3.752398185251E-02      5.386509681449E-05
     -1.700000000000E-01      4.290448411183E-03      1.056833308838E-03      7.928345474029E-04      7.045665389791E-04      6.603665691980E-04      6.337939878058E-04      6.160351259230E-04      6.033126967400E-04      5.937380568524E-04      5.862619599246E-04      3.984474198157E-02      6.043986243132E-05
     -1.800000000000E-01      4.751001465665E-03      1.187415518149E-03      8.908262147362E-04      7.916238040084E-04      7.419391194317E-04      7.120617710958E-04      6.920881269470E-04      6.777737730133E-04      6.669965023094E-04      6.585773109542E-04      4.216269768910E-02      6.734591532132E-05
     -1.900000000000E-01      5.231578627291E-03      1.325917385777E-03      9.947679666507E-04      8.839611749347E-04      8.284534315193E-04      7.950656503279E-04      7.727379006934E-04      7.567302119651E-04      7.446725988172E-04      7.352484027354E-04      4.447786126031E-02      7.457552837042E-05
     -2.000000000000E-01      5.731884501059E-03      1.472391493581E-03      1.104700507730E-03      9.816137183720E-04      9.199413264875E-04      8.828351641070E-04      8.580121858763E-04      8.402082289440E-04      8.267912118831E-04      8.162988672362E-04      4.679024497674E-02      8.212098000415E-05
     -2.100000000000E-01      6.251641742282E-03      1.626890917940E-03      1.220664997446E-03      1.084616826933E-03      1.016434855959E-03      9.754000008000E-04      9.479387976064E-04      9.282340467514E-04      9.133771484220E-04      9.017522138346E-04      4.909986109066E-02      8.997454608917E-05
     -2.200000000000E-01      6.790589222510E-03      1.789469228324E-03      1.342703050927E-03      1.193006217798E-03      1.117966298635E-03      1.072789993124E-03      1.042545620208E-03      1.020833886778E-03      1.004455146282E-03      9.916318173033E-04      5.140672173118E-02      9.812848279722E-05
     -2.300000000000E-01      7.348480488974E-03      1.960180497556E-03      1.470856748561E-03      1.306817939103E-03      1.224568164043E-03      1.175035119657E-03      1.141860606718E-03      1.118033966644E-03      1.100049870144E-03      1.085960912062E-03      5.371083902567E-02      1.065750532039E-04
     -2.400000000000E-01      7.925082381261E-03      2.139079294331E-03      1.605168632306E-03      1.426088364480E-03      1.336273185153E-03      1.282165495627E-03      1.245911767937E-03      1.219860487581E-03      1.200185897309E-03      1.184762576428E-03      5.601222495876E-02      1.153065244384E-04
     -2.500000000000E-01      8.520173896597E-03      2.326220700384E-03      1.745681720559E-03      1.550854204031E-03      1.453114326295E-03      1.394211378320E-03      1.354727175626E-03      1.326339635621E-03      1.304887717008E-03      1.288059730181E-03      5.831089151563E-02      1.243151561447E-04
     -2.600000000000E-01      9.133545095683E-03      2.521660290646E-03      1.892439495290E-03      1.681152490651E-03      1.575124767974E-03      1.511203150301E-03      1.468334944130E-03      1.437497561647E-03      1.414179708942E-03      1.395875111623E-03      6.060685054278E-02      1.335932064395E-04
     -2.700000000000E-01      9.764996314455E-03      2.725454179429E-03      2.045485938786E-03      1.817020610316E-03      1.702337932747E-03      1.633171341919E-03      1.586763250072E-03      1.553360398629E-03      1.528086158290E-03      1.508231290563E-03      6.290011395711E-02      1.431329297468E-04
     -2.800000000000E-01      1.041433720007E-02      2.937658963588E-03      2.204865493077E-03      1.958496263753E-03      1.834787446859E-03      1.760146592234E-03      1.710040292273E-03      1.673954220398E-03      1.646631213295E-03      1.625150624691E-03      6.519069344255E-02      1.529265844571E-04
     -2.900000000000E-01      1.108138616489E-02      3.158331788748E-03      2.370623111888E-03      2.105617510142E-03      1.972507178556E-03      1.892159683332E-03      1.838194322820E-03      1.799305069928E-03      1.769838911073E-03      1.746655283164E-03      6.747860079565E-02      1.629664261276E-04
     -3.000000000000E-01      1.176596964614E-02      3.387530313220E-03      2.542804235710E-03      2.258422742551E-03      2.115531212453E-03      2.029241513323E-03      1.971253618584E-03      1.929438929360E-03      1.897733146163E-03      1.872767213723E-03      6.976384770290E-02      1.732447142775E-04
     -3.100000000000E-01      1.246792161312E-02      3.625312741242E-03      2.721454819042E-03      2.416950709609E-03      2.263893867088E-03      2.171423110646E-03      2.109246492764E-03      2.064381729107E-03      2.030337677426E-03      2.003508147582E-03      7.204644588028E-02      1.837537180718E-04
     -3.200000000000E-01      1.318708285902E-02      3.871737750551E-03      2.906621278346E-03      2.581240466954E-03      2.417629646862E-03      2.318735585598E-03      2.252201245623E-03      2.204159297605E-03      2.167676076753E-03      2.138899547066E-03      7.432640672403E-02      1.944856931813E-04
     -3.300000000000E-01      1.392330085769E-02      4.126864621364E-03      3.098350591285E-03      2.751331462495E-03      2.576773318793E-03      2.471210201079E-03      2.400146230535E-03      2.348797423476E-03      2.309771787875E-03      2.278962661476E-03      7.660374193012E-02      2.054329014514E-04
     -3.400000000000E-01      1.467642903337E-02      4.390753116251E-03      3.296690208913E-03      2.927263456142E-03      2.741359834725E-03      2.628878295614E-03      2.553109777049E-03      2.498321778241E-03      2.456648048526E-03      2.423718448607E-03      7.887846287449E-02      2.165876093376E-04
     -3.500000000000E-01      1.544632664636E-02      4.663463592004E-03      3.501688142227E-03      3.109076593699E-03      2.911424397285E-03      2.791771343611E-03      2.711120246651E-03      2.652757968322E-03      2.608327939198E-03      2.573187620641E-03      8.115058120281E-02      2.279421067111E-04
     -3.600000000000E-01      1.623285820641E-02      4.945056906629E-03      3.713392894808E-03      3.296811344620E-03      3.087002398803E-03      2.959920894257E-03      2.874205971111E-03      2.812131472605E-03      2.764834319826E-03      2.727390579922E-03      8.342010823957E-02      2.394886501218E-04
     -3.700000000000E-01      1.703589334886E-02      5.235594501123E-03      3.931853526910E-03      3.490508555988E-03      3.268129468592E-03      3.133358613856E-03      3.042395290852E-03      2.976467677463E-03      2.926189861888E-03      2.886347448496E-03      8.568705547733E-02      2.512195279287E-04
     -3.800000000000E-01      1.785530634852E-02      5.535138319647E-03      4.157119598045E-03      3.690209398996E-03      3.454841419877E-03      3.312116232265E-03      3.215716500514E-03      3.145791821284E-03      3.092416991882E-03      3.050078010538E-03      8.795143422447E-02      2.631270730586E-04
     -3.900000000000E-01      1.869097606158E-02      5.843750906247E-03      4.389241242569E-03      3.895955432947E-03      3.647174306231E-03      3.496225593819E-03      3.394197895487E-03      3.320129037331E-03      3.263537931011E-03      3.218601749270E-03      9.021325588086E-02      2.752035399367E-04
     -4.000000000000E-01      1.954278559456E-02      6.161495370061E-03      4.628269146081E-03      4.107788581429E-03      3.845164395937E-03      3.685718629721E-03      3.577867742370E-03      3.499504322372E-03      3.439574662101E-03      3.391937812306E-03      9.247253178198E-02      2.874412341871E-04
     -4.100000000000E-01      2.041062204967E-02      6.488435372630E-03      4.874254539019E-03      4.325751123965E-03      4.048848161020E-03      3.880627344695E-03      3.766754263463E-03      3.683942519206E-03      3.620548910376E-03      3.570104990865E-03      9.472927350198E-02      2.998325110704E-04
     -4.200000000000E-01      2.129437611620E-02      6.824635053795E-03      5.127249143588E-03      4.549885646122E-03      4.258262227248E-03      4.080983766078E-03      3.960885584680E-03      3.873468263339E-03      3.806482088910E-03      3.753121664092E-03      9.698349188770E-02      3.123696594374E-04
     -4.300000000000E-01      2.219394240675E-02      7.170159258583E-03      5.387305347519E-03      4.780235189883E-03      4.473443510546E-03      4.286820070617E-03      4.160289855026E-03      4.068106096544E-03      3.997395407242E-03      3.941005903428E-03      9.923519850347E-02      3.250450116727E-04
     -4.400000000000E-01      2.310921879287E-02      7.525073329922E-03      5.654476051142E-03      5.016843115736E-03      4.694429085095E-03      4.498168455555E-03      4.364995119305E-03      4.267880340496E-03      4.193309745582E-03      4.133775347232E-03      1.014844046446E-01      3.378509368295E-04
     -4.500000000000E-01      2.404010643347E-02      7.889443202846E-03      5.928814741498E-03      5.259753165000E-03      4.921256237639E-03      4.715061187035E-03      4.575029361826E-03      4.472815136581E-03      4.394245691311E-03      4.331447234434E-03      1.037311215470E-01      3.507796741022E-04
     -4.600000000000E-01      2.498650955290E-02      8.263335372269E-03      6.210375471059E-03      5.509009437863E-03      5.153962443205E-03      4.937530573502E-03      4.790420477637E-03      4.682934415157E-03      4.600223506481E-03      4.534038370507E-03      1.059753605369E-01      3.638237943577E-04
     -4.700000000000E-01      2.594833546402E-02      8.646816980398E-03      6.499212927067E-03      5.764656451443E-03      5.392585415293E-03      5.165609010056E-03      5.011196312249E-03      4.898261931448E-03      4.811263160485E-03      4.741565157392E-03      1.082171330423E-01      3.769755934977E-04
     -4.800000000000E-01      2.692549410229E-02      9.039955658083E-03      6.795382315033E-03      6.026739033957E-03      5.637163003637E-03      5.399328877676E-03      5.237384561418E-03      5.118821165496E-03      5.027384230029E-03      4.954043493493E-03      1.104564502200E-01      3.902274751422E-04
     -4.900000000000E-01      2.791789827042E-02      9.442819709876E-03      7.098939501966E-03      6.295302447649E-03      5.887733304335E-03      5.638722644318E-03      5.469012865305E-03      5.344635410705E-03      5.248605983004E-03      5.171488853591E-03      1.126933235554E-01      4.035718280644E-04
     -5.000000000000E-01      2.892546319977E-02      9.855477965734E-03      7.409940907901E-03      6.570392289988E-03      6.144334564016E-03      5.883822770126E-03      5.706108713969E-03      5.575727679314E-03      5.474947283866E-03      5.393916194194E-03      1.149277642654E-01      4.170011107232E-04
     -5.100000000000E-01      2.994810667549E-02      1.027799989094E-02      7.728443592253E-03      6.852054566431E-03      6.407005243231E-03      6.134661763978E-03      5.948699498545E-03      5.812120749208E-03      5.706426636826E-03      5.621339993697E-03      1.171597837853E-01      4.305077664237E-04
     -5.200000000000E-01      3.098574881190E-02      1.071045553723E-02      8.054505220730E-03      7.140335657952E-03      6.675783982052E-03      6.391272146969E-03      6.196812472771E-03      6.053837123715E-03      5.943062144190E-03      5.853774209570E-03      1.193893934954E-01      4.440842315607E-04
     -5.300000000000E-01      3.203831204765E-02      1.115291559017E-02      8.388184104758E-03      7.435282352225E-03      6.950709624522E-03      6.653686471649E-03      6.450474768003E-03      6.300899043145E-03      6.184871515024E-03      6.091232284664E-03      1.216166049616E-01      4.577230379366E-04
     -5.400000000000E-01      3.310572090705E-02      1.160545130107E-02      8.729539153961E-03      7.736941798625E-03      7.231821172688E-03      6.921937274606E-03      6.709713344386E-03      6.553328434731E-03      6.431872014110E-03      6.333727095481E-03      1.238414296263E-01      4.714166614250E-04
     -5.500000000000E-01      3.418790195022E-02      1.206813450636E-02      9.078629894560E-03      8.045361521013E-03      7.519157793987E-03      7.196057079513E-03      6.974554990375E-03      6.811146909257E-03      6.684080456255E-03      6.581270944648E-03      1.260638788388E-01      4.851576186544E-04
     -5.600000000000E-01      3.528478378430E-02      1.254103767262E-02      9.435516507749E-03      8.360589447908E-03      7.812758844512E-03      7.476078415042E-03      7.245026336355E-03      7.074375771214E-03      6.941513213623E-03      6.833875566018E-03      1.282839643899E-01      4.989384789806E-04
     -5.700000000000E-01      3.639629696150E-02      1.302423390115E-02      9.800259836410E-03      8.682673914595E-03      8.112663866006E-03      7.762033807605E-03      7.521153843909E-03      7.343036005194E-03      7.204186199841E-03      7.091552107006E-03      1.305016977787E-01      5.127517954504E-04
     -5.800000000000E-01      3.752237390899E-02      1.351779692313E-02      1.017292138644E-02      9.011663661092E-03      8.418912579511E-03      8.053955771405E-03      7.802963792944E-03      7.617148260735E-03      7.472114853090E-03      7.354311110443E-03      1.327170907658E-01      5.265901273401E-04
     -5.900000000000E-01      3.866294877495E-02      1.402180105604E-02      1.055356329790E-02      9.347607803352E-03      8.731544853950E-03      8.351876774473E-03      8.090482245585E-03      7.896732814487E-03      7.745314097033E-03      7.622162474716E-03      1.349301552296E-01      5.404461692287E-04
     -6.000000000000E-01      3.981795738337E-02      1.453632123406E-02      1.094224837172E-02      9.690555852507E-03      9.050600718374E-03      8.655829245342E-03      8.383735048378E-03      8.181809568829E-03      8.023798336557E-03      7.895115447319E-03      1.371409026245E-01      5.543124548804E-04
     -6.100000000000E-01      4.098733720283E-02      1.506143298822E-02      1.133904006031E-02      1.004055770405E-02      9.376120347916E-03      8.965845556267E-03      8.682747813408E-03      8.472398031484E-03      8.307581436478E-03      8.173178603172E-03      1.393493452837E-01      5.681817730370E-04
     -6.200000000000E-01      4.217102743697E-02      1.559721257609E-02      1.174400256908E-02      1.039766372223E-02      9.708144135743E-03      9.281958085958E-03      8.987545973869E-03      8.768517365369E-03      8.596676766780E-03      8.456359886196E-03      1.415554951186E-01      5.820466505591E-04
     -6.300000000000E-01      4.336896865840E-02      1.614373679160E-02      1.215720071779E-02      1.076192461529E-02      1.004671257289E-02      9.604199101640E-03      9.298154667607E-03      9.070186273463E-03      8.891097088929E-03      8.744666497326E-03      1.437593642227E-01      5.959000371720E-04
     -6.400000000000E-01      4.458110278876E-02      1.670108298205E-02      1.257869995822E-02      1.113339144802E-02      1.039186625538E-02      9.932600761960E-03      9.614598736885E-03      9.377422996325E-03      9.190854551927E-03      9.038104889823E-03      1.459609645339E-01      6.097345722451E-04
     -6.500000000000E-01      4.580737352309E-02      1.726932932278E-02      1.300856658654E-02      1.151211582245E-02      1.074364604394E-02      1.026719526165E-02      9.936902861498E-03      9.690245435990E-03      9.495960808707E-03      9.336680879510E-03      1.481603085830E-01      6.235430447941E-04
     -6.600000000000E-01      4.704772581940E-02      1.784855455851E-02      1.344686755272E-02      1.189814970841E-02      1.110209290336E-02      1.060801467611E-02      1.026509140733E-02      1.000867100804E-02      9.806426871685E-03      9.640399504004E-03      1.503574088378E-01      6.373182616057E-04
     -6.700000000000E-01      4.830210582698E-02      1.843883798835E-02      1.389367045443E-02      1.229154543468E-02      1.146724788887E-02      1.095509094384E-02      1.059918840577E-02      1.033271661896E-02      1.012226308886E-02      9.949264998293E-03      1.525522777977E-01      6.510531149968E-04
     -6.800000000000E-01      4.957046106533E-02      1.904025959890E-02      1.434904364280E-02      1.269235577733E-02      1.183915222152E-02      1.130845593236E-02      1.093921761249E-02      1.066239871942E-02      1.044347919294E-02      1.026328084088E-02      1.547449280417E-01      6.647403867768E-04
     -6.900000000000E-01      5.085274030222E-02      1.965290001120E-02      1.481305618760E-02      1.310063392597E-02      1.221784725179E-02      1.166814139926E-02      1.128520246677E-02      1.099773326259E-02      1.077008425945E-02      1.058244971235E-02      1.569353724015E-01      6.783730440292E-04
     -7.000000000000E-01      5.214889366684E-02      2.027684058154E-02      1.528577795900E-02      1.351643355065E-02      1.260337451441E-02      1.203417903810E-02      1.163716613053E-02      1.133873573805E-02      1.110208673682E-02      1.090677352282E-02      1.591236239674E-01      6.919439821447E-04
     -7.100000000000E-01      5.345887221477E-02      2.091216316146E-02      1.576727945158E-02      1.393980864571E-02      1.299577558020E-02      1.240660033499E-02      1.199513134883E-02      1.168542103608E-02      1.143949431461E-02      1.123625328453E-02      1.613096957877E-01      7.054462251417E-04
     -7.200000000000E-01      5.478262829196E-02      2.155895033938E-02      1.625763197269E-02      1.437081368969E-02      1.339509219618E-02      1.278543669457E-02      1.235912056528E-02      1.203780355485E-02      1.178231402452E-02      1.157088920809E-02      1.634936011969E-01      7.188729299670E-04
     -7.300000000000E-01      5.612011526104E-02      2.221728529464E-02      1.675690753782E-02      1.480950355139E-02      1.380136619430E-02      1.317071935001E-02      1.272915583331E-02      1.239589711353E-02      1.213055215582E-02      1.191068062091E-02      1.656753536206E-01      7.322169420112E-04
     -7.400000000000E-01      5.747128742424E-02      2.288725176693E-02      1.726517885344E-02      1.525593347004E-02      1.421463946585E-02      1.356247933250E-02      1.310525878214E-02      1.275971491594E-02      1.248421421780E-02      1.225562592960E-02      1.678549666807E-01      7.454714423654E-04
     -7.500000000000E-01      5.883610060865E-02      2.356893445319E-02      1.778251962325E-02      1.571015931870E-02      1.463495419728E-02      1.396074768792E-02      1.348745081919E-02      1.312926974201E-02      1.284330512283E-02      1.260572279640E-02      1.700324543698E-01      7.586295777289E-04
     -7.600000000000E-01      6.021451132590E-02      2.426241849975E-02      1.830900417230E-02      1.617223727592E-02      1.506235256515E-02      1.436555518723E-02      1.387575285298E-02      1.350457368200E-02      1.320782893133E-02      1.296096789498E-02      1.722078307705E-01      7.716845004500E-04
     -7.700000000000E-01      6.160647684632E-02      2.496778954017E-02      1.884470747682E-02      1.664222384449E-02      1.549687674358E-02      1.477693232501E-02      1.427018528495E-02      1.388563812328E-02      1.357778883517E-02      1.332135689172E-02      1.743811100803E-01      7.846294872578E-04
     -7.800000000000E-01      6.301195600617E-02      2.568513425994E-02      1.938970560297E-02      1.712017623116E-02      1.593856924725E-02      1.519490963712E-02      1.467076830841E-02      1.427247403511E-02      1.395318743130E-02      1.368688471071E-02      1.765523069916E-01      7.974577247185E-04
     -7.900000000000E-01      6.443090820883E-02      2.641453976187E-02      1.994407523120E-02      1.760615193070E-02      1.638747254510E-02      1.561951733417E-02      1.507752155792E-02      1.466509163208E-02      1.433402639869E-02      1.405754522386E-02      1.787214362622E-01      8.101625109980E-04
     -8.000000000000E-01      6.586329342537E-02      2.715609356448E-02      2.050789366163E-02      1.810020872950E-02      1.684362905945E-02      1.605078529749E-02      1.549046410373E-02      1.506350036864E-02      1.472030649419E-02      1.443333124941E-02      1.808885126852E-01      8.227372834999E-04
     -8.100000000000E-01      6.730907299179E-02      2.790988415182E-02      2.108123923755E-02      1.860240506478E-02      1.730708148286E-02      1.648874336549E-02      1.590961471492E-02      1.546770918384E-02      1.511202778245E-02      1.481423476973E-02      1.830535516271E-01      8.351754562899E-04
     -8.200000000000E-01      6.876820927184E-02      2.867600076887E-02      2.166419119873E-02      1.911279989581E-02      1.777787265555E-02      1.693342121510E-02      1.633499174498E-02      1.587772639170E-02      1.550918953193E-02      1.520024683389E-02      1.852165688980E-01      8.474703722809E-04
     -8.300000000000E-01      7.024066510280E-02      2.945453305875E-02      2.225682941097E-02      1.963145246976E-02      1.825604534868E-02      1.738484815719E-02      1.676661293783E-02      1.629355949756E-02      1.591179004179E-02      1.559135739543E-02      1.873775802075E-01      8.596154757456E-04
     -8.400000000000E-01      7.172640437679E-02      3.024557145622E-02      2.285923467474E-02      2.015842258164E-02      1.874164249031E-02      1.784305333795E-02      1.720449561079E-02      1.671521536701E-02      1.631982680008E-02      1.598755546246E-02      1.895366020363E-01      8.716044303729E-04
     -8.500000000000E-01      7.322539143136E-02      3.104920682256E-02      2.347148845360E-02      2.069377034188E-02      1.923470695268E-02      1.830806554027E-02      1.764865646845E-02      1.714270005188E-02      1.673329632194E-02      1.638882894840E-02      1.916936505147E-01      8.834307453758E-04
     -8.600000000000E-01      7.473759213710E-02      3.186553114974E-02      2.409367341830E-02      2.123755663748E-02      1.973528195876E-02      1.877991355100E-02      1.809911194008E-02      1.757601910413E-02      1.715219444458E-02      1.679516495161E-02      1.938487429027E-01      8.950880962906E-04
     -8.700000000000E-01      7.626297246554E-02      3.269463660398E-02      2.472587272647E-02      2.178984251359E-02      2.024341052006E-02      1.925862563863E-02      1.855587769015E-02      1.801517711577E-02      1.757651589487E-02      1.720654934962E-02      1.960018963911E-01      9.065701049393E-04
     -8.800000000000E-01      7.780149941843E-02      3.353661619549E-02      2.536817054057E-02      2.235068961558E-02      2.075913582890E-02      1.974422991017E-02      1.901896894882E-02      1.846017802899E-02      1.800625458334E-02      1.762296708028E-02      1.981531285402E-01      9.178705454764E-04
     -8.900000000000E-01      7.935314093093E-02      3.439156369568E-02      2.602065197342E-02      2.292016013917E-02      2.128250120632E-02      2.023675425715E-02      1.948840045780E-02      1.891102508378E-02      1.844140355538E-02      1.804440209813E-02      2.003024575070E-01      9.289831870705E-04
     -9.000000000000E-01      8.091786555178E-02      3.525957343747E-02      2.668340294420E-02      2.349831670442E-02      2.181354998141E-02      2.073622623861E-02      1.996418635790E-02      1.936772071133E-02      1.888195489178E-02      1.847083728318E-02      2.024499017613E-01      9.399019097387E-04
     -9.100000000000E-01      8.249564267715E-02      3.614074046006E-02      2.735651029763E-02      2.408522245807E-02      2.235232557943E-02      2.124267315935E-02      2.044634026130E-02      1.983026660352E-02      1.932789977784E-02      1.890225451168E-02      2.045954803890E-01      9.506205252343E-04
     -9.200000000000E-01      8.408644275350E-02      3.703516067906E-02      2.804006194267E-02      2.468094118973E-02      2.289887161921E-02      2.175612215369E-02      2.093487532627E-02      2.029866378201E-02      1.977922856979E-02      1.933863472208E-02      2.067392132459E-01      9.611331582677E-04
     -9.300000000000E-01      8.569023517128E-02      3.794292940699E-02      2.873414573089E-02      2.528553637630E-02      2.345323105330E-02      2.227659939506E-02      2.142980352427E-02      2.077291191679E-02      2.023593016089E-02      1.977995732619E-02      2.088811188034E-01      9.714336000810E-04
     -9.400000000000E-01      8.730699280651E-02      3.886414456474E-02      2.943885191860E-02      2.589907327530E-02      2.401544803214E-02      2.280413179455E-02      2.193113720816E-02      2.125301078591E-02      2.069799334787E-02      2.022620149341E-02      2.110212183524E-01      9.815157572897E-04
     -9.500000000000E-01      8.893668760876E-02      3.979890350774E-02      3.015427075746E-02      2.652161687476E-02      2.458556606654E-02      2.333874531728E-02      2.243888755380E-02      2.173895882611E-02      2.116540548027E-02      2.067734489141E-02      2.131595332730E-01      9.913742482426E-04
     -9.600000000000E-01      9.057929195711E-02      4.074730405234E-02      3.088049327443E-02      2.715323255822E-02      2.516362861956E-02      2.388046552213E-02      2.295306506059E-02      2.223075360286E-02      2.163815290593E-02      2.113336411170E-02      2.152960841515E-01      1.001002960909E-03
     -9.700000000000E-01      9.223478035777E-02      4.170944569022E-02      3.161761222552E-02      2.779398691096E-02      2.574967981461E-02      2.442931819822E-02      2.347368013268E-02      2.272839234711E-02      2.211622147117E-02      2.159423513905E-02      2.174308937937E-01      1.010396126348E-03
     -9.800000000000E-01      9.390312716627E-02      4.268542792800E-02      3.236572082894E-02      2.844394664966E-02      2.634376348226E-02      2.498532849790E-02      2.400074228392E-02      2.323187122455E-02      2.259959584954E-02      2.205993273612E-02      2.195639847372E-01      1.019548035989E-03
     -9.900000000000E-01      9.558430749770E-02      4.367535094845E-02      3.312491327690E-02      2.910317905301E-02      2.694592353491E-02      2.554852127071E-02      2.453426044160E-02      2.374118561658E-02      2.308825980537E-02      2.253043069382E-02      2.216953799695E-01      1.028452973950E-03
     -1.000000000000E+00      9.727829732658E-02      4.467931562153E-02      3.389528476376E-02      2.977175199135E-02      2.755620399238E-02      2.611892108689E-02      2.507424297133E-02      2.425633014943E-02      2.358219622949E-02      2.300570187520E-02      2.238251041127E-01      1.037105367156E-03
     -1.010000000000E+00      9.898507457081E-02      4.569742448110E-02      3.467693223969E-02      3.044973455515E-02      2.817464952475E-02      2.669655271707E-02      2.562069810822E-02      2.477729908715E-02      2.408138750135E-02      2.348571855227E-02      2.259531823759E-01      1.045499559928E-03
     -1.020000000000E+00      1.007046149867E-01      4.672977838537E-02      3.546995186454E-02      3.113719492813E-02      2.880130358748E-02      2.728143946243E-02      2.617363244861E-02      2.530408496491E-02      2.458581425056E-02      2.397045128560E-02      2.280796394224E-01      1.053630326185E-03
     -1.030000000000E+00      1.024368968837E-01      4.777648027793E-02      3.627444188927E-02      3.183420280346E-02      2.943621053765E-02      2.787360504952E-02      2.673305266813E-02      2.583668015907E-02      2.509545679871E-02      2.445987025263E-02      2.302045010259E-01      1.061491855480E-03
     -1.040000000000E+00      1.041819009834E-01      4.883763508167E-02      3.709050262961E-02      3.254082936765E-02      3.007941561510E-02      2.847307360987E-02      2.729896550361E-02      2.637507687482E-02      2.561029515570E-02      2.495394525469E-02      2.323277956419E-01      1.069078914785E-03
     -1.050000000000E+00      1.059396056197E-01      4.991334573965E-02      3.791823336850E-02      3.325714469325E-02      3.073096264492E-02      2.907986761239E-02      2.787137587516E-02      2.691926543420E-02      2.613030745741E-02      2.545264429218E-02      2.344495507511E-01      1.076386577896E-03
     -1.060000000000E+00      1.077099920401E-01      5.100371768046E-02      3.875773585927E-02      3.398322070211E-02      3.139089665146E-02      2.969401022056E-02      2.845028903877E-02      2.746923625720E-02      2.665547179814E-02      2.595593526481E-02      2.365697950549E-01      1.083409344699E-03
     -1.070000000000E+00      1.094930421699E-01      5.210885679779E-02      3.960911276139E-02      3.471912984148E-02      3.205926267968E-02      3.031552422130E-02      2.903570960602E-02      2.802497896332E-02      2.718576540831E-02      2.646378522115E-02      2.386885589225E-01      1.090141950597E-03
     -1.080000000000E+00      1.112887387007E-01      5.322886964284E-02      4.047246779916E-02      3.546494523482E-02      3.273610593912E-02      3.094443216558E-02      2.962764168549E-02      2.858648251724E-02      2.772116480632E-02      2.697616051778E-02      2.408058731111E-01      1.096579235647E-03
     -1.090000000000E+00      1.130970636437E-01      5.436386213093E-02      4.134790478186E-02      3.622073986739E-02      3.342147108994E-02      3.158075573036E-02      3.022608831075E-02      2.915373471764E-02      2.826164534509E-02      2.749302642052E-02      2.429217686923E-01      1.102716129305E-03
     -1.100000000000E+00      1.149180020032E-01      5.551394256206E-02      4.223552994599E-02      3.698658854236E-02      3.411540394265E-02      3.222451722767E-02      3.083105279794E-02      2.972672342918E-02      2.880718233624E-02      2.801434813415E-02      2.450362793977E-01      1.108547729651E-03
     -1.110000000000E+00      1.167515393585E-01      5.667921969013E-02      4.313545048266E-02      3.776256666926E-02      3.481795041211E-02      3.287573868364E-02      3.144253793053E-02      3.030543586157E-02      2.935775041547E-02      2.854009024723E-02      2.471494395152E-01      1.114069055322E-03
     -1.120000000000E+00      1.185976614617E-01      5.785980224564E-02      4.404777416988E-02      3.854874996106E-02      3.552915625184E-02      3.353444160188E-02      3.206054575078E-02      3.088985838975E-02      2.991332339172E-02      2.907021660994E-02      2.492612841527E-01      1.119275201660E-03
     -1.130000000000E+00      1.204563563967E-01      5.905580090482E-02      4.497261092522E-02      3.934521573648E-02      3.624906818603E-02      3.420064796871E-02      3.268507846563E-02      3.147997737870E-02      3.047387500364E-02      2.960469103130E-02      2.513718495771E-01      1.124160944315E-03
     -1.140000000000E+00      1.223276115983E-01      6.026732547019E-02      4.591007063249E-02      4.015204113271E-02      3.697773237316E-02      3.487437890698E-02      3.331613726022E-02      3.207577813810E-02      3.103937800196E-02      3.014347647792E-02      2.534811740216E-01      1.128721902342E-03
     -1.150000000000E+00      1.242114175372E-01      6.149448821521E-02      4.686026574739E-02      4.096930526976E-02      3.771519627243E-02      3.555565631943E-02      3.395372376355E-02      3.267724624053E-02      3.160980534127E-02      3.068653615515E-02      2.555892974120E-01      1.132953356398E-03
     -1.160000000000E+00      1.261077634426E-01      6.273740018616E-02      4.782330843376E-02      4.179708690549E-02      3.846150664231E-02      3.624450114723E-02      3.459783852283E-02      3.328436618357E-02      3.218512900938E-02      3.123383248634E-02      2.576962586151E-01      1.136850230179E-03
     -1.170000000000E+00      1.280166423093E-01      6.399617528439E-02      4.879931376808E-02      4.263546708452E-02      3.921671180915E-02      3.694093535292E-02      3.524848275866E-02      3.389712295604E-02      3.276532143209E-02      3.178532837693E-02      2.598021011238E-01      1.140407669237E-03
     -1.180000000000E+00      1.299380474934E-01      6.527092729930E-02      4.978839743578E-02      4.348452725351E-02      3.998086005987E-02      3.764498052358E-02      3.590565714393E-02      3.451550097095E-02      3.335035454401E-02      3.234098640938E-02      2.619068708802E-01      1.143622527177E-03
     -1.190000000000E+00      1.318719731940E-01      6.656177086821E-02      5.079067651969E-02      4.434434995339E-02      4.075400026882E-02      3.835665845083E-02      3.656936235035E-02      3.513948458737E-02      3.394020029106E-02      3.290076932891E-02      2.640106113396E-01      1.146489485623E-03
     -1.200000000000E+00      1.338184151443E-01      6.786882106512E-02      5.180626914998E-02      4.521501852604E-02      4.153618163793E-02      3.907599089644E-02      3.723959883854E-02      3.576905792555E-02      3.453483047059E-02      3.346463990762E-02      2.661133709131E-01      1.149003895071E-03
     -1.210000000000E+00      1.357773714507E-01      6.919219503640E-02      5.283529584071E-02      4.609661823944E-02      4.232745467207E-02      3.980300045594E-02      3.791636763589E-02      3.640420557677E-02      3.513421738513E-02      3.403256155007E-02      2.682151981441E-01      1.151161557779E-03
     -1.220000000000E+00      1.377488413540E-01      7.053201028399E-02      5.387787814949E-02      4.698923520295E-02      4.312787026375E-02      4.053770977153E-02      3.859966965705E-02      3.704491201844E-02      3.573833334181E-02      3.460449786748E-02      2.703161450716E-01      1.152957753592E-03
     -1.230000000000E+00      1.397328267648E-01      7.188838610754E-02      5.493413981377E-02      4.789295732780E-02      4.393748053381E-02      4.128014228457E-02      3.928950638969E-02      3.769116224789E-02      3.634715124374E-02      3.518041323278E-02      2.724162661999E-01      1.154388616919E-03
     -1.240000000000E+00      1.417293282771E-01      7.326144018221E-02      5.600420413478E-02      4.880787224689E-02      4.475633711755E-02      4.203032080222E-02      3.998587869430E-02      3.834294078372E-02      3.696064376837E-02      3.576027211484E-02      2.745156150536E-01      1.155449583779E-03
     -1.250000000000E+00      1.437383518694E-01      7.465129426590E-02      5.708819840222E-02      4.973407089928E-02      4.558449416383E-02      4.278827004920E-02      4.068878899358E-02      3.900023355058E-02      3.757878498931E-02      3.634404046867E-02      2.766142509874E-01      1.156136520262E-03
     -1.260000000000E+00      1.457599050834E-01      7.605807083908E-02      5.818625130931E-02      5.067164546745E-02      4.642200662982E-02      4.355401523711E-02      4.139824007125E-02      3.966302687773E-02      3.820154955140E-02      3.693168506700E-02      2.787122352850E-01      1.156445477408E-03
     -1.270000000000E+00      1.477939955364E-01      7.748189194343E-02      5.929849215175E-02      5.162068883770E-02      4.726892992484E-02      4.432758184886E-02      4.211423497204E-02      4.033130749653E-02      3.882891274987E-02      3.752317364640E-02      2.808096294386E-01      1.156372063583E-03
     -1.280000000000E+00      1.498406362589E-01      7.892288343890E-02      6.042505399414E-02      5.258129704410E-02      4.812532184432E-02      4.510899718445E-02      4.283677823950E-02      4.100506352739E-02      3.946085130925E-02      3.811847551078E-02      2.829065007898E-01      1.155912197403E-03
     -1.290000000000E+00      1.518998395453E-01      8.038116974016E-02      6.156606974524E-02      5.355356631437E-02      4.899124030592E-02      4.589828862370E-02      4.356587460290E-02      4.168428351759E-02      4.009734271360E-02      3.871756110493E-02      2.850029169824E-01      1.155061947966E-03
     -1.300000000000E+00      1.539716245864E-01      8.185688070007E-02      6.272167749759E-02      5.453759726539E-02      4.986674671646E-02      4.669548636030E-02      4.430153120782E-02      4.236895826060E-02      4.073836668382E-02      3.932040320372E-02      2.870989516410E-01      1.153817379187E-03
     -1.310000000000E+00      1.560560066878E-01      8.335014136312E-02      6.389201253488E-02      5.553348863781E-02      5.075190095430E-02      4.750061933914E-02      4.504375432344E-02      4.305907814276E-02      4.138390306260E-02      3.992697525212E-02      2.891946774934E-01      1.152174418200E-03
     -1.320000000000E+00      1.581530105325E-01      8.486108460210E-02      6.507721727441E-02      5.654134525016E-02      5.164676789140E-02      4.831372068129E-02      4.579255388490E-02      4.375463695277E-02      4.203393500238E-02      4.053725401855E-02      2.912901740362E-01      1.150129211191E-03
     -1.330000000000E+00      1.602626620784E-01      8.638984300565E-02      6.627743489331E-02      5.756127295309E-02      5.255141330466E-02      4.913482432900E-02      4.654794073325E-02      4.445562961978E-02      4.268844712695E-02      4.115121811870E-02      2.933855240840E-01      1.147677869428E-03
     -1.340000000000E+00      1.623849924249E-01      8.793655291339E-02      6.749281254066E-02      5.859338123768E-02      5.346590604485E-02      4.996396687431E-02      4.730992816831E-02      4.516205353515E-02      4.334742665382E-02      4.176884896151E-02      2.954808143906E-01      1.144816402690E-03
     -1.350000000000E+00      1.645200327184E-01      8.950134896381E-02      6.872349717729E-02      5.963778006868E-02      5.439031559283E-02      5.080118567307E-02      4.807853051623E-02      4.587390749951E-02      4.401086266222E-02      4.239013028910E-02      2.975761360995E-01      1.141541913734E-03
     -1.360000000000E+00      1.666678214668E-01      9.108437207160E-02      6.996964172829E-02      6.069458474523E-02      5.532471599275E-02      5.164652205933E-02      4.885376575773E-02      4.659119385693E-02      4.467874780138E-02      4.301504951201E-02      2.996715810116E-01      1.137849608881E-03
     -1.370000000000E+00      1.688283988604E-01      9.268576205418E-02      7.123139940885E-02      6.176391149430E-02      5.626918235120E-02      5.250001853833E-02      4.963565328356E-02      4.731391672122E-02      4.535107691650E-02      4.364359667596E-02      3.017672498921E-01      1.133735970929E-03
     -1.380000000000E+00      1.710018139040E-01      9.430566618440E-02      7.250893046012E-02      6.284588286543E-02      5.722379527382E-02      5.336172249075E-02      5.042421701085E-02      4.804208460472E-02      4.602784926385E-02      4.427576632030E-02      3.038632480461E-01      1.129197370805E-03
     -1.390000000000E+00      1.731881158206E-01      9.594422998549E-02      7.380239493666E-02      6.394062218016E-02      5.818863654028E-02      5.423168277895E-02      5.121948272470E-02      4.877570835391E-02      4.670906693044E-02      4.491155629183E-02      3.059596825380E-01      1.124230259649E-03
     -1.400000000000E+00      1.753873639858E-01      9.760160639893E-02      7.511196000131E-02      6.504825928284E-02      5.916379370303E-02      5.510995345984E-02      5.202148108633E-02      4.951480358352E-02      4.739473679291E-02      4.555096930644E-02      3.080566715379E-01      1.118830712123E-03
     -1.410000000000E+00      1.775996202631E-01      9.927794927167E-02      7.643779479405E-02      6.616892663176E-02      6.014935710218E-02      5.599659150488E-02      5.283024590820E-02      5.025938939673E-02      4.808486959603E-02      4.619401231441E-02      3.101543343708E-01      1.112995994588E-03
     -1.420000000000E+00      1.798249545259E-01      1.009734175639E-01      7.778007378113E-02      6.730276194361E-02      6.114542198002E-02      5.689165850740E-02      5.364581554054E-02      5.100948951424E-02      4.877948087238E-02      4.684069724818E-02      3.122527985653E-01      1.106720660300E-03
     -1.430000000000E+00      1.820634456670E-01      1.026881768419E-01      7.913897807013E-02      6.844990949954E-02      6.215208980089E-02      5.779522199348E-02      5.446823414618E-02      5.176513348858E-02      4.947859207418E-02      4.749104205285E-02      3.143522007393E-01      1.100002297969E-03
     -1.440000000000E+00      1.843151738912E-01      1.044223912962E-01      8.051468905397E-02      6.961051520211E-02      6.316946437591E-02      5.870735237571E-02      5.529754932428E-02      5.252635488361E-02      5.018222922019E-02      4.814506972870E-02      3.164526792422E-01      1.092837120372E-03
     -1.450000000000E+00      1.865802343890E-01      1.061762375184E-01      8.190739937943E-02      7.078473517705E-02      6.419765868457E-02      5.962812839174E-02      5.613381643401E-02      5.329319467711E-02      5.089042552523E-02      4.880281030555E-02      3.185543844965E-01      1.085221574554E-03
     -1.460000000000E+00      1.888587283028E-01      1.079498942887E-01      8.331730497977E-02      7.197272981194E-02      6.523679043226E-02      6.055763381997E-02      5.697709621726E-02      5.406569960631E-02      5.160322032624E-02      4.946430023573E-02      3.206574766042E-01      1.077152734266E-03
     -1.470000000000E+00      1.911507669206E-01      1.097435482933E-01      8.474460962092E-02      7.317466735660E-02      6.628698495096E-02      6.149595983736E-02      5.782745671728E-02      5.484392372179E-02      5.232066032705E-02      5.012958337307E-02      3.227621205783E-01      1.068626101160E-03
     -1.480000000000E+00      1.934564705831E-01      1.115573917207E-01      8.618952305670E-02      7.439072265836E-02      6.734837438525E-02      6.244320453627E-02      5.868497303691E-02      5.562792832047E-02      5.304279965566E-02      5.079871111567E-02      3.248684923876E-01      1.059638375361E-03
     -1.490000000000E+00      1.957759743172E-01      1.133916276873E-01      8.765226543757E-02      7.562108075481E-02      6.842110067557E-02      6.339947543338E-02      5.954972946318E-02      5.641778375100E-02      5.376970139979E-02      5.147174371093E-02      3.269767813501E-01      1.050186600024E-03
     -1.500000000000E+00      1.981094210154E-01      1.152464639471E-01      8.913306237046E-02      7.686593328401E-02      6.950531302438E-02      6.436488772235E-02      6.042181830345E-02      5.721356868153E-02      5.450143719021E-02      5.214875006442E-02      3.290871826534E-01      1.040267173129E-03
     -1.510000000000E+00      2.004569716117E-01      1.171221221627E-01      9.063215238149E-02      7.812548435569E-02      7.060117255170E-02      6.533956800043E-02      6.130134288778E-02      5.801537252934E-02      5.523808917430E-02      5.282980934998E-02      3.311999078621E-01      1.029877172447E-03
     -1.520000000000E+00      2.028187986733E-01      1.190188322511E-01      9.214978253157E-02      7.939994721188E-02      7.170884973123E-02      6.632365226059E-02      6.218841595649E-02      5.882329412799E-02      5.597974887797E-02      5.351501000406E-02      3.333151790148E-01      1.019011624463E-03
     -1.530000000000E+00      2.051950917737E-01      1.209368358592E-01      9.368621124326E-02      8.068954697346E-02      7.282852717196E-02      6.731728871477E-02      6.308316250891E-02      5.963744458235E-02      5.672652004970E-02      5.420445254424E-02      3.354332347941E-01      1.007668420104E-03
     -1.540000000000E+00      2.075860592514E-01      1.228763904743E-01      9.524171173360E-02      8.199452327165E-02      7.396040158800E-02      6.832063919658E-02      6.398572070063E-02      6.045794770952E-02      5.747851868904E-02      5.489824922739E-02      3.375543251848E-01      9.958431776678E-04
     -1.550000000000E+00      2.099919275764E-01      1.248377662111E-01      9.681656957114E-02      8.331512879604E-02      7.510468317443E-02      6.933387918004E-02      6.489624235618E-02      6.128494093160E-02      5.823587423256E-02      5.559652546159E-02      3.396787207116E-01      9.835335777946E-04
     -1.560000000000E+00      2.124129425703E-01      1.268212485443E-01      9.841108499138E-02      8.465163112899E-02      7.626159702680E-02      7.035719884832E-02      6.581489373805E-02      6.211857578891E-02      5.899872985143E-02      5.629941992594E-02      3.418067042651E-01      9.707353098318E-04
     -1.570000000000E+00      2.148493774442E-01      1.288271443003E-01      1.000255778035E-01      8.600431702874E-02      7.743138702130E-02      7.139080663853E-02      6.674185877343E-02      6.295902085572E-02      5.976724506441E-02      5.700708689266E-02      3.439385873468E-01      9.574477135210E-04
     -1.580000000000E+00      2.173015261512E-01      1.308557772788E-01      1.016603840640E-01      8.737348994667E-02      7.861431395698E-02      7.243492784436E-02      6.767733800034E-02      6.380646094846E-02      6.054159515183E-02      5.771969580822E-02      3.460746906428E-01      9.436638916589E-04
     -1.590000000000E+00      2.197697123043E-01      1.329074961878E-01      1.033158627196E-01      8.875947565455E-02      7.981066041699E-02      7.348980884458E-02      6.862155223995E-02      6.466110029757E-02      6.132197387568E-02      5.843743360750E-02      3.482153610973E-01      9.293812821820E-04
     -1.600000000000E+00      2.222542908558E-01      1.349826735854E-01      1.049923948638E-01      9.016262219713E-02      8.102073133499E-02      7.455571812309E-02      6.957474392827E-02      6.552316408463E-02      6.210859514813E-02      5.916050646444E-02      3.503609765625E-01      9.145974090998E-04
     -1.610000000000E+00      2.247556515224E-01      1.370817125058E-01      1.066903892866E-01      9.158330422091E-02      8.224485732933E-02      7.563294880401E-02      7.053717899666E-02      6.639289978089E-02      6.290169392097E-02      5.988914031132E-02      3.525119393063E-01      8.993096080951E-04
     -1.620000000000E+00      2.272742201247E-01      1.392050460677E-01      1.084102824996E-01      9.302192365742E-02      8.348339593292E-02      7.672182024238E-02      7.150914865904E-02      6.727057901152E-02      6.370152804908E-02      6.062358265563E-02      3.546686811783E-01      8.835145713757E-04
     -1.630000000000E+00      2.298104572128E-01      1.413531349662E-01      1.101525368644E-01      9.447890905352E-02      8.473673198123E-02      7.782267920219E-02      7.249097114206E-02      6.815649965538E-02      6.450838062671E-02      6.136410505775E-02      3.568316610342E-01      8.672086349732E-04
     -1.640000000000E+00      2.323648829028E-01      1.435264954497E-01      1.119176637689E-01      9.595473309432E-02      8.600529046441E-02      7.893590908022E-02      7.348299810989E-02      6.905099010944E-02      6.532256258937E-02      6.211100446323E-02      3.590013864916E-01      8.503904785204E-04
     -1.650000000000E+00      2.349380540632E-01      1.457256721152E-01      1.137062015848E-01      9.744989719787E-02      8.728952667266E-02      8.006192426648E-02      7.448561213559E-02      6.995440903160E-02      6.614441410182E-02      6.286460577026E-02      3.611783915415E-01      8.330564564583E-04
     -1.660000000000E+00      2.375305929747E-01      1.479512693309E-01      1.155187419031E-01      9.896495177793E-02      8.858994153189E-02      8.120118160991E-02      7.549923512507E-02      7.086715136148E-02      6.697430867916E-02      6.362526445471E-02      3.633632650338E-01      8.152050637129E-04
     -1.670000000000E+00      2.401431803752E-01      1.502039445283E-01      1.173559243562E-01      1.005004929939E-01      8.990707994726E-02      8.235417998774E-02      7.652432881809E-02      7.178964953344E-02      6.781265495063E-02      6.439336876525E-02      3.655566325622E-01      7.968321315901E-04
     -1.680000000000E+00      2.427765644366E-01      1.524844137136E-01      1.192184416501E-01      1.020571678216E-01      9.124153598185E-02      8.352146545426E-02      7.756139974801E-02      7.272237813194E-02      6.865990094656E-02      6.516934361915E-02      3.677591803490E-01      7.779364033071E-04
     -1.690000000000E+00      2.454315788912E-01      1.547934733624E-01      1.211070580097E-01      1.036356887151E-01      9.259396440890E-02      8.470364035656E-02      7.861100645123E-02      7.366585960593E-02      6.951653864332E-02      6.595365423879E-02      3.699716552735E-01      7.585151877776E-04
     -1.700000000000E+00      2.481091368642E-01      1.571319902460E-01      1.230226014767E-01      1.052368290980E-01      9.396507884979E-02      8.590136344320E-02      7.967376098383E-02      7.462066677257E-02      7.038310715189E-02      6.674680981083E-02      3.721948690483E-01      7.385679823866E-04
     -1.710000000000E+00      2.508102549160E-01      1.595009308800E-01      1.249659889051E-01      1.068614433870E-01      9.535566771833E-02      8.711536256318E-02      8.075033901604E-02      7.558743080337E-02      7.126019899312E-02      6.754936837514E-02      3.744297054074E-01      7.180931132900E-04
     -1.720000000000E+00      2.535360603681E-01      1.619013617295E-01      1.269382266780E-01      1.085104690191E-01      9.676659735378E-02      8.834643860456E-02      8.184148432653E-02      7.656684609606E-02      7.214846522983E-02      6.836194214338E-02      3.766771411568E-01      6.970908534756E-04
     -1.730000000000E+00      2.562877989492E-01      1.643344663687E-01      1.289404265293E-01      1.101849403952E-01      9.819882436383E-02      8.959547645049E-02      8.294801851425E-02      7.755967885944E-02      7.304862303668E-02      6.918520416268E-02      3.789382259437E-01      6.755595435126E-04
     -1.740000000000E+00      2.590668714604E-01      1.668015663694E-01      1.309738217829E-01      1.118860015051E-01      9.965340540984E-02      9.086345260218E-02      8.407084699552E-02      7.856677190646E-02      7.396145962488E-02      7.001989163931E-02      3.812141518506E-01      6.534994119072E-04
     -1.750000000000E+00      2.618748215754E-01      1.693041315172E-01      1.330397806216E-01      1.136149212192E-01      1.011315139617E-01      9.215145275796E-02      8.521097685780E-02      7.958906237408E-02      7.488784954974E-02      7.086682265623E-02      3.835061850123E-01      6.309104488995E-04
     -1.760000000000E+00      2.647133913247E-01      1.718438159110E-01      1.351398343547E-01      1.153731145853E-01      1.026344559180E-01      9.346068299242E-02      8.636952459459E-02      8.062758679693E-02      7.582875773982E-02      7.172689764464E-02      3.858157668965E-01      6.077962049722E-04
     -1.770000000000E+00      2.675845255185E-01      1.744224739063E-01      1.372756934759E-01      1.171621588245E-01      1.041636855600E-01      9.479248564039E-02      8.754773187895E-02      8.168349674209E-02      7.678525498334E-02      7.260111472550E-02      3.881444671295E-01      5.841576970589E-04
     -1.780000000000E+00      2.704904148094E-01      1.770421976836E-01      1.394492807405E-01      1.189838219333E-01      1.057208303231E-01      9.614836080212E-02      8.874698424620E-02      8.275807503577E-02      7.775853201450E-02      7.349058193095E-02      3.904940513771E-01      5.600004475479E-04
     -1.790000000000E+00      2.734335195115E-01      1.797053486678E-01      1.416627602060E-01      1.208400884399E-01      1.073077136015E-01      9.752998671872E-02      8.996882951003E-02      8.385275260897E-02      7.874991510783E-02      7.439653180744E-02      3.928664650159E-01      5.353245474637E-04
     -1.800000000000E+00      2.764166359107E-01      1.824146131683E-01      1.439185856607E-01      1.227332022823E-01      1.089263932620E-01      9.893925470296E-02      9.121500965630E-02      8.496913776546E-02      7.976089304690E-02      7.532034635200E-02      3.952639250667E-01      5.101407582262E-04
     -1.810000000000E+00      2.794429370644E-01      1.851730520998E-01      1.462195459794E-01      1.246657059764E-01      1.105791952689E-01      1.003782982730E-01      9.248748643492E-02      8.610903900632E-02      8.079313780172E-02      7.626357603568E-02      3.976889182762E-01      4.844591479265E-04
     -1.820000000000E+00      2.825160216493E-01      1.879841562171E-01      1.485688148204E-01      1.266404844989E-01      1.122687524137E-01      1.018495273600E-01      9.378847157780E-02      8.727449170597E-02      8.184852804214E-02      7.722796047726E-02      4.001442198769E-01      4.582867836356E-04
     -1.830000000000E+00      2.856400146657E-01      1.908519429457E-01      1.509700402143E-01      1.286608472479E-01      1.139980797181E-01      1.033556982794E-01      9.512049226507E-02      8.846781981676E-02      8.292920768581E-02      7.821548433237E-02      4.026330001063E-01      4.316413555174E-04
     -1.840000000000E+00      2.888196826479E-01      1.937810530284E-01      1.534274217340E-01      1.307305887241E-01      1.157706220303E-01      1.048999512744E-01      9.648642101922E-02      8.969165992084E-02      8.403760543608E-02      7.922839328467E-02      4.051589162966E-01      4.045386460807E-04
     -1.850000000000E+00      2.920604980252E-01      1.967768603351E-01      1.559458262158E-01      1.328541013047E-01      1.175903616364E-01      1.064859124288E-01      9.788957193244E-02      9.094905201852E-02      8.517652048834E-02      8.026927507523E-02      4.077261143265E-01      3.770037774626E-04
     -1.860000000000E+00      2.953688515097E-01      1.998456405178E-01      1.585309221848E-01      1.350364838142E-01      1.194619074207E-01      1.081177683172E-01      9.933376443118E-02      9.224349503536E-02      8.634917167103E-02      8.134110363590E-02      4.103394302971E-01      3.490667161192E-04
     -1.870000000000E+00      2.987521988082E-01      2.029947606022E-01      1.611893650419E-01      1.372837127880E-01      1.213906513022E-01      1.098004086649E-01      1.008234535749E-01      9.357906614899E-02      8.755930706673E-02      8.244734013169E-02      4.130044490229E-01      3.207630830517E-04
     -1.880000000000E+00      3.022193355054E-01      2.062329248252E-01      1.639290095857E-01      1.396028270886E-01      1.233829306714E-01      1.115395715114E-01      1.023638617864E-01      9.496054195785E-02      8.881131672395E-02      8.359203875051E-02      4.157277503676E-01      2.921416145911E-04
     -1.890000000000E+00      3.057806897575E-01      2.095704978457E-01      1.667592098658E-01      1.420021970204E-01      1.254462688915E-01      1.133420589026E-01      1.039611733839E-01      9.639357495977E-02      9.011039364182E-02      8.477999429116E-02      4.185170712978E-01      2.632623556136E-04
     -1.900000000000E+00      3.094487659612E-01      2.130199316651E-01      1.696912019805E-01      1.444918632868E-01      1.275896767671E-01      1.152160077408E-01      1.056227806728E-01      9.788491951479E-02      9.146274316605E-02      8.601693772216E-02      4.213816722568E-01      2.342039863339E-04
     -1.910000000000E+00      3.132386649739E-01      2.165963322939E-01      1.727386230605E-01      1.470840001510E-01      1.298240656582E-01      1.171712599005E-01      1.073576172735E-01      9.944273355795E-02      9.287585735955E-02      8.730978675443E-02      4.243326593061E-01      2.050685653163E-04
     -1.920000000000E+00      3.171688780807E-01      2.203182140724E-01      1.759181922200E-01      1.497935234602E-01      1.321627921161E-01      1.192198545969E-01      1.091766080719E-01      1.010769940270E-01      9.435890199329E-02      8.866700903798E-02      4.273836034083E-01      1.759931250822E-04
     -1.930000000000E+00      3.212622837781E-01      2.242085598529E-01      1.792506838048E-01      1.526389650850E-01      1.346224438743E-01      1.213767381323E-01      1.110933134420E-01      1.028000845322E-01      9.592325512687E-02      9.009911788783E-02      4.305512274400E-01      1.471688327541E-04
     -1.940000000000E+00      3.255475929176E-01      2.282962734799E-01      1.827622527270E-01      1.556436563901E-01      1.372238963313E-01      1.236607138084E-01      1.131247913186E-01      1.046275849487E-01      9.758323632734E-02      9.161935058027E-02      4.338564142318E-01      1.188499633527E-04
     -1.950000000000E+00      3.300615131084E-01      2.326183438331E-01      1.864864163138E-01      1.588375227724E-01      1.399939419014E-01      1.260959298819E-01      1.152929644644E-01      1.065795351201E-01      9.935728080476E-02      9.324476438178E-02      4.373258407305E-01      9.140505832095E-05
     -1.960000000000E+00      3.348516884235E-01      2.372229114304E-01      1.904668803208E-01      1.622596224828E-01      1.429675662096E-01      1.287139299364E-01      1.176264795753E-01      1.086821319628E-01      1.012694985426E-01      9.499767729983E-02      4.409939092351E-01      6.536272764501E-05
     -1.970000000000E+00      3.399813241963E-01      2.421739289129E-01      1.947618245273E-01      1.659620288752E-01      1.461914687272E-01      1.315568618798E-01      1.201636496500E-01      1.109704430239E-01      1.033521901949E-01      9.690801193228E-02      4.449060554073E-01      4.151893746096E-05
     -1.980000000000E+00      3.455362559102E-01      2.475584444519E-01      1.994506821393E-01      1.700159930746E-01      1.497296510975E-01      1.346825655300E-01      1.229571127141E-01      1.134926985666E-01      1.056498244031E-01      9.901700079436E-02      4.491235619957E-01      2.110796593602E-05
     -1.990000000000E+00      3.516359064269E-01      2.534979131398E-01      2.046446705267E-01      1.745214989000E-01      1.536720592840E-01      1.381724177514E-01      1.260809940953E-01      1.163168700919E-01      1.082251151986E-01      1.013828307084E-01      4.537307904906E-01      6.132212785115E-06
     -2.000000000000E+00      3.584527021620E-01      2.601674427753E-01      2.105048500497E-01      1.796238795078E-01      1.581498350395E-01      1.421453653838E-01      1.296438699668E-01      1.195426988294E-01      1.111702317833E-01      1.040911332394E-01      4.588480591888E-01      0.000000000000E+00
      0.000000000000E+00      1.012052663896E-10      7.434497462100E-12      5.575984118877E-12      4.956479671137E-12      4.646505402661E-12      4.460876112944E-12      4.336531134186E-12      4.248601470636E-12      4.181988089158E-12      4.130473740815E-12      3.779083153965E-06      1.912248137614E-12
#
#
# #Calculation finished at  2022-10-16 07:24:04