# M=42, N=21, Vp=0.0, t=1.0, n=1, Vstart=-2.0, Vstop=2.0, Vnum=81, PBC
# start time 2022-02-15 00:13:17
#                       V#                 S₁(n=1)#                 S₂(n=1)                 S₃(n=1)#                 S₄(n=1)#                 S₅(n=1)#                 S₆(n=1)#                 S₇(n=1)#                 S₈(n=1)#                 S₉(n=1)#                S₁₀(n=1)#               S₀₋₅(n=1)
     -5.000000000000E-02      4.888755642130E-04      9.283016428707E-05      6.962423908519E-05      6.188673721041E-05      5.801743286238E-05      5.569540766315E-05      5.414702206208E-05      5.304071625245E-05      5.221071032979E-05      5.156490434777E-05      1.196957333524E-02
     -1.000000000000E-01      1.713842518944E-03      3.753696720374E-04      2.815536798391E-04      2.502455729867E-04      2.345823714878E-04      2.251771413988E-04      2.189008986160E-04      2.144126499504E-04      2.110418988059E-04      2.084161470743E-04      2.386270310413E-02
     -1.500000000000E-01      3.546222256783E-03      8.538959045437E-04      6.405587196947E-04      5.692582142167E-04      5.335600842082E-04      5.121030146173E-04      4.977664944494E-04      4.874988760490E-04      4.797743355853E-04      4.737451931458E-04      3.568094351649E-02
     -2.000000000000E-01      5.922127021632E-03      1.534963546004E-03      1.151664883253E-03      1.023286805571E-03      9.589412381565E-04      9.202093215772E-04      8.942843443207E-04      8.756777148200E-04      8.616451372467E-04      8.506620027671E-04      4.742577920557E-02
     -2.500000000000E-01      8.799334334469E-03      2.425411221940E-03      1.820163194080E-03      1.616876329095E-03      1.514837331215E-03      1.453300056574E-03      1.412014102862E-03      1.382300720424E-03      1.359820534131E-03      1.342162779772E-03      5.909863262821E-02
     -3.000000000000E-01      1.214685471226E-02      3.532367579377E-03      2.651620761274E-03      2.354756608691E-03      2.205474955154E-03      2.115234335837E-03      2.054515686068E-03      2.010667951695E-03      1.977365604188E-03      1.951094459837E-03      7.070086941382E-02
     -3.500000000000E-01      1.594056544337E-02      4.863256780263E-03      3.651891623675E-03      3.241843952113E-03      3.035188856213E-03      2.909911951304E-03      2.825328027692E-03      2.764000470866E-03      2.717210967910E-03      2.680116007127E-03      8.223380573671E-02
     -4.000000000000E-01      2.016095297852E-02      6.425802892758E-03      4.827127534491E-03      4.283242159090E-03      4.008413480168E-03      3.841256726490E-03      3.727945138028E-03      3.645409807316E-03      3.582116261820E-03      3.531656446628E-03      9.369871450727E-02
     -4.500000000000E-01      2.479179176408E-02      8.228033269758E-03      6.183788828565E-03      5.484243051333E-03      5.129673097141E-03      4.913197747338E-03      4.765789563032E-03      4.657864552005E-03      4.574630662852E-03      4.507870047365E-03      1.050968339823E-01
     -5.000000000000E-01      2.981930290724E-02      1.027828028566E-02      7.728654980210E-03      6.850326235378E-03      6.403570202497E-03      6.129648178530E-03      5.942183018812E-03      5.804153969664E-03      5.697050506413E-03      5.610588895184E-03      1.164293765980E-01
     -5.500000000000E-01      3.523158507409E-02      1.258518141537E-02      9.468834926505E-03      8.387158257943E-03      7.834772332292E-03      7.494481823146E-03      7.260314444376E-03      7.086849015889E-03      6.951374581950E-03      6.841273681907E-03      1.276975398590E-01
     -6.000000000000E-01      4.101821095757E-02      1.515767712311E-02      1.141177684413E-02      1.010059101761E-02      9.427997189954E-03      9.011507386691E-03      8.723205569353E-03      8.508261057446E-03      8.339257662791E-03      8.200963574420E-03      1.389025193336E-01
     -6.500000000000E-01      4.716992993723E-02      1.800500592389E-02      1.356527699730E-02      1.199665930230E-02      1.118799604228E-02      1.068444051809E-02      1.033367426338E-02      1.007039882988E-02      9.861963132403E-03      9.690226401977E-03      1.500455228889E-01
     -7.000000000000E-01      5.367844364932E-02      2.113669683779E-02      1.593748791879E-02      1.408157795647E-02      1.311953599013E-02      1.251687436735E-02      1.209429663597E-02      1.177492491417E-02      1.152031636578E-02      1.130911124243E-02      1.611277893307E-01
     -7.500000000000E-01      6.053623233830E-02      2.456255840203E-02      1.853692539890E-02      1.636173859506E-02      1.522738127284E-02      1.451224906127E-02      1.400736861849E-02      1.362311287467E-02      1.331466047430E-02      1.305710551178E-02      1.721506104155E-01
     -8.000000000000E-01      6.773641783714E-02      2.829266325866E-02      2.137247363660E-02      1.884370580954E-02      1.751627392492E-02      1.667382076037E-02      1.607486811763E-02      1.561580664692E-02      1.524481654178E-02      1.493309923017E-02      1.831153566447E-01
     -8.500000000000E-01      7.527265691189E-02      3.233732932358E-02      2.445338942231E-02      2.153421427563E-02      1.999091559683E-02      1.900463248259E-02      1.829842038105E-02      1.775338533814E-02      1.731005205716E-02      1.693536068508E-02      1.940235098779E-01
     -9.000000000000E-01      8.313905803920E-02      3.670709621090E-02      2.778930445247E-02      2.444016682694E-02      2.265595132869E-02      2.150748808087E-02      2.067926858522E-02      2.003573609356E-02      1.950906080715E-02      1.906152727858E-02      2.048767040914E-01
     -9.500000000000E-01      9.133012112343E-02      4.141269846694E-02      3.139022705628E-02      2.756863567353E-02      2.551595824897E-02      2.418493298794E-02      2.321825388670E-02      2.246223987545E-02      2.183995959370E-02      2.130861728518E-02      2.156767754095E-01
     -1.000000000000E+00      9.984069751155E-02      4.646503463763E-02      3.526654273432E-02      3.092686762678E-02      2.857544132118E-02      2.703924480313E-02      2.591580882395E-02      2.503177472695E-02      2.430030684104E-02      2.367306781925E-02      2.264258267561E-01
     -1.050000000000E+00      1.086659727551E-01      5.187513435035E-02      3.942901526861E-02      3.452229655422E-02      3.183884079848E-02      3.007243941747E-02      2.877197053705E-02      2.774274351674E-02      2.688715031353E-02      2.615080609192E-02      2.371263047071E-01
     -1.100000000000E+00      1.178014833928E-01      5.765413150249E-02      4.388879485685E-02      3.836257057907E-02      3.531056024743E-02      3.328630242038E-02      3.178642402374E-02      3.059313648161E-02      2.959711393871E-02      2.873736316529E-02      2.477811082042E-01
     -1.150000000000E+00      1.272431621782E-01      6.381323942180E-02      4.865743036455E-02      4.245559426559E-02      3.899501830908E-02      3.668245089822E-02      3.495858162798E-02      3.358063513792E-02      3.242653001287E-02      3.142803555395E-02      2.583937175649E-01
     -1.200000000000E+00      1.369874394421E-01      7.036374871803E-02      5.374690209008E-02      4.680960255176E-02      4.289674230667E-02      4.026244433540E-02      3.828771714425E-02      3.670277481021E-02      3.537163219295E-02      3.421810762297E-02      2.689683731237E-01
     -1.250000000000E+00      1.470314125100E-01      7.731705842703E-02      5.916968419203E-02      5.143327789053E-02      4.702051801495E-02      4.402796043741E-02      4.177317032971E-02      3.995718030637E-02      3.842882159653E-02      3.710314422308E-02      2.795103123930E-01
     -1.300000000000E+00      1.573731176151E-01      8.468477076385E-02      6.493886173324E-02      5.633593565916E-02      5.137162221380E-02      4.798106277088E-02      4.541464720552E-02      4.334189719794E-02      4.159502462492E-02      4.007936786202E-02      2.900260857967E-01
     -1.350000000000E+00      1.680119471161E-01      9.247888757425E-02      7.106833462841E-02      6.152780987615E-02      5.595617150872E-02      5.212459357637E-02      4.921264711689E-02      4.685584559806E-02      4.486816442292E-02      4.314413714464E-02      3.005239960860E-01
     -1.400000000000E+00      1.789492946313E-01      1.007121889092E-01      7.757317614911E-02      6.702050079485E-02      6.078164615452E-02      5.646274678848E-02      5.316906583422E-02      5.049943852987E-02      4.824778047811E-02      4.629655389214E-02      3.110147112737E-01
     -1.450000000000E+00      1.901895466079E-01      1.093989094726E-01      8.447024484129E-02      7.282767271197E-02      6.585767084087E-02      6.100189659409E-02      5.728804165596E-02      5.427542242496E-02      5.173584470927E-02      4.953823938471E-02      3.215121481937E-01
     -1.500000000000E+00      2.017416068926E-01      1.185559044654E-01      9.177921687938E-02      7.896614815003E-02      7.119718328102E-02      6.575179861975E-02      6.157714754240E-02      5.819002892242E-02      5.533785083504E-02      5.287434660728E-02      3.320347644578E-01
     -1.550000000000E+00      2.136213000762E-01      1.282046588843E-01      9.952434421755E-02      8.545765872984E-02      7.681821599508E-02      7.072736062707E-02      6.604910129507E-02      6.225458839793E-02      5.906430975968E-02      5.631492783097E-02      3.426075035423E-01
     -1.600000000000E+00      2.258552110358E-01      1.383747229221E-01      1.077374538409E-01      9.233169393153E-02      8.274667096894E-02      7.595131330461E-02      7.072428466570E-02      6.648786406865E-02      6.293288470031E-02      5.987687231193E-02      3.532648183147E-01
     -1.650000000000E+00      2.384870311620E-01      1.491096834444E-01      1.164631670807E-01      9.963028106359E-02      8.902079772035E-02      8.145839566978E-02      7.563461210425E-02      7.091959073456E-02      6.697160664250E-02      6.358682117208E-02      3.640555722875E-01
     -1.700000000000E+00      2.515884203552E-01      1.604777698725E-01      1.257682102161E-01      1.074163039961E-01      9.569875456393E-02      8.730225560288E-02      8.082981277748E-02      7.559617713080E-02      7.122404753495E-02      6.748587132115E-02      3.750512879979E-01
     -1.750000000000E+00      2.652786857723E-01      1.725915257172E-01      1.357587778407E-01      1.157887857741E-01      1.028722120037E-01      9.356765355600E-02      8.638842734000E-02      8.059065100557E-02      7.575835342958E-02      7.163782496890E-02      3.863610280998E-01
     -1.800000000000E+00      2.797631678457E-01      1.856466861435E-01      1.466150565960E-01      1.249130911076E-01      1.106929482462E-01      1.003941031611E-01      9.243900492906E-02      8.602181444975E-02      8.068468242082E-02      7.614517555691E-02      3.981603331910E-01
     -1.850000000000E+00      2.954171696085E-01      2.000075049866E-01      1.586674261119E-01      1.350876363036E-01      1.194314710626E-01      1.080278773531E-01      9.920671443947E-02      9.209641904880E-02      8.619368969935E-02      8.118448604370E-02      4.107547222857E-01
     -1.900000000000E+00      3.130059484284E-01      2.164297298518E-01      1.725964918377E-01      1.469198844373E-01      1.296323107202E-01      1.169602456490E-01      1.071376174285E-01      9.922192434738E-02      9.265967886375E-02      8.710142040428E-02      4.247470574547E-01
     -1.950000000000E+00      3.344867762413E-01      2.368686657405E-01      1.901601711302E-01      1.619698940431E-01      1.426854374811E-01      1.284389364997E-01      1.173605102506E-01      1.084269973989E-01      1.010262974034E-01      9.476681301863E-02      4.416515216853E-01
     -2.000000000000E+00      3.695120922923E-01      2.710154875511E-01      2.201002123591E-01      1.880119466330E-01      1.655291254135E-01      1.487025868131E-01      1.355296839140E-01      1.248746037057E-01      1.160396121738E-01      1.085696207480E-01      4.688812048355E-01
      0.000000000000E+00      1.520361614382E-10      1.139044414344E-11      8.542944129886E-12      7.593481399226E-12      7.119194123106E-12      6.834532939592E-12      6.644018668567E-12      6.508571459563E-12      6.407319119717E-12      6.327827151154E-12      4.525781680531E-06
      5.000000000000E-02      4.799878383541E-04      9.087213642145E-05      6.815565073737E-05      6.058141590826E-05      5.679377905654E-05      5.452078152324E-05      5.300510367023E-05      5.192217993999E-05      5.110972755196E-05      5.047758940613E-05      1.188516426178E-02
      1.000000000000E-01      1.653568639287E-03      3.597025317394E-04      2.698011644817E-04      2.398017918170E-04      2.247940462592E-04      2.157829593545E-04      2.097702031030E-04      2.054707797878E-04      2.022421905510E-04      1.997274915806E-04      2.353076114119E-02
      1.500000000000E-01      3.364095137815E-03      8.010029133874E-04      6.008725503794E-04      5.340036491188E-04      5.005296109308E-04      4.804136032539E-04      4.669766253098E-04      4.573562481340E-04      4.501212572392E-04      4.444765334637E-04      3.494648672944E-02
      2.000000000000E-01      5.526069266337E-03      1.409533355768E-03      1.057522889273E-03      9.396979511718E-04      8.806640119516E-04      8.451469316806E-04      8.213883589545E-04      8.043489997314E-04      7.915092069624E-04      7.814691767072E-04      4.614147133706E-02
      2.500000000000E-01      8.079505497380E-03      2.180294980532E-03      1.636113849061E-03      1.453560801691E-03      1.361996195686E-03      1.306828646686E-03      1.269859912467E-03      1.243290743064E-03      1.223221513335E-03      1.207485764731E-03      5.712432796656E-02
      3.000000000000E-01      1.097839492105E-02      3.108522782855E-03      2.333207646212E-03      2.072430117181E-03      1.941460729254E-03      1.862419410419E-03      1.809342949072E-03      1.771104241109E-03      1.742139733802E-03      1.719358563966E-03      6.790319398227E-02
      3.500000000000E-01      1.418570151466E-02      4.189678633657E-03      3.145559458517E-03      2.793302310465E-03      2.616127630586E-03      2.508997579936E-03      2.436891844527E-03      2.384801674807E-03      2.345222693692E-03      2.313985800946E-03      7.848576884006E-02
      4.000000000000E-01      1.767068921548E-02      5.419444518107E-03      4.070110305439E-03      3.613329031317E-03      3.383201900779E-03      3.243761318122E-03      3.149668312963E-03      3.081491778025E-03      3.029516152993E-03      2.988343899102E-03      8.887934833257E-02
      4.500000000000E-01      2.140730932487E-02      6.793715985437E-03      5.103980351358E-03      4.529813955106E-03      4.240022788908E-03      4.064030142959E-03      3.944945190719E-03      3.858385858016E-03      3.792161090656E-03      3.739498067624E-03      9.909085553208E-02
      5.000000000000E-01      2.537314594380E-02      8.308596078097E-03      6.244462810423E-03      5.540209805699E-03      5.184062997164E-03      4.967246143675E-03      4.820109626387E-03      4.712802967783E-03      4.630400889341E-03      4.564611539876E-03      1.091268696928E-01
      5.500000000000E-01      2.954868427116E-02      9.960389290302E-03      7.489018094242E-03      6.642115323470E-03      6.212927588713E-03      5.950974665642E-03      5.772665511804E-03      5.642174093698E-03      5.541587309155E-03      5.460953372289E-03      1.189936515279E-01
      6.000000000000E-01      3.391678129810E-02      1.174559620520E-02      8.835268673168E-03      7.833272618319E-03      7.324353034632E-03      7.012904904398E-03      6.800235601825E-03      6.644045815137E-03      6.523185716561E-03      6.425905279020E-03      1.286971675052E-01
      6.500000000000E-01      3.846226877084E-02      1.366090822653E-02      1.028099419600E-02      9.111564530952E-03      8.516206075330E-03      8.150850123572E-03      7.900563070234E-03      7.716083211903E-03      7.572779369589E-03      7.456967326492E-03      1.382431113790E-01
      7.000000000000E-01      4.317164811627E-02      1.570320299375E-02      1.182412729860E-02      1.047501240197E-02      9.786482788119E-03      9.362747888555E-03      9.071512897438E-03      8.856072420845E-03      8.688073167451E-03      8.551762902835E-03      1.476369247205E-01
      7.500000000000E-01      4.803284993311E-02      1.786953990336E-02      1.346274965490E-02      1.192177387789E-02      1.113330753812E-02      1.064666002950E-02      1.031107283381E-02      1.006192261210E-02      9.866896658986E-03      9.708042778740E-03      1.568838151713E-01
      8.000000000000E-01      5.303504172576E-02      2.015715626858E-02      1.519508866202E-02      1.345014111640E-02      1.255493216478E-02      1.200077268401E-02      1.161735429063E-02      1.133166774066E-02      1.110720667057E-02      1.092368862580E-02      1.659887739084E-01
      8.500000000000E-01      5.816847163558E-02      2.256346394184E-02      1.701951462022E-02      1.505853928448E-02      1.404973531970E-02      1.342339635330E-02      1.298859310858E-02      1.266346803803E-02      1.240708953218E-02      1.219671598434E-02      1.749565918682E-01
      9.000000000000E-01      6.342433965488E-02      2.508604628868E-02      1.893453831716E-02      1.674552528875E-02      1.561622191577E-02      1.491296595017E-02      1.442315019825E-02      1.405561125385E-02      1.376476292627E-02      1.352527671957E-02      1.837918746664E-01
      9.500000000000E-01      6.879469052889E-02      2.772265564504E-02      2.093880911174E-02      1.850978683581E-02      1.725302278975E-02      1.646804094682E-02      1.591951216771E-02      1.550651376974E-02      1.517857748925E-02      1.490766110379E-02      1.924990566055E-01
      1.000000000000E+00      7.427232430396E-02      3.047121152454E-02      2.303111371816E-02      2.035014200812E-02      1.895889475599E-02      1.808730579739E-02      1.747629211136E-02      1.701472176071E-02      1.664701834315E-02      1.634229970499E-02      2.010824142816E-01
      1.050000000000E+00      7.985072020997E-02      3.332979896774E-02      2.521037522709E-02      2.226553897234E-02      2.073272071707E-02      1.976957033841E-02      1.909223029402E-02      1.857891216515E-02      1.816870634332E-02      1.782776489149E-02      2.095460787897E-01
      1.100000000000E+00      8.552397243925E-02      3.629666774637E-02      2.747565290658E-02      2.425505629810E-02      2.257351027144E-02      2.151377058246E-02      2.076619512797E-02      2.019789384777E-02      1.974239941610E-02      1.936277231796E-02      2.178940477952E-01
      1.150000000000E+00      9.128673526552E-02      3.937023207230E-02      2.982614251916E-02      2.631790367313E-02      2.448040063358E-02      2.331896974355E-02      2.249718430063E-02      2.187060883047E-02      2.136699387774E-02      2.094618230027E-02      2.261301969240E-01
      1.200000000000E+00      9.713417581986E-02      4.254907073048E-02      3.226117709713E-02      2.845342297967E-02      2.645265784583E-02      2.518435948586E-02      2.428432605569E-02      2.359613360470E-02      2.304152575880E-02      2.257700111409E-02      2.342582903487E-01
      1.250000000000E+00      1.030619338546E-01      4.583192801712E-02      3.478022847263E-02      3.066108999507E-02      2.848967852342E-02      2.710926162337E-02      2.612688084540E-02      2.537368073568E-02      2.476517233923E-02      2.425438241903E-02      2.422819913354E-01
      1.300000000000E+00      1.090660871332E-01      4.921771528490E-02      3.738290941948E-02      3.294051660838E-02      3.059099204548E-02      2.909313019957E-02      2.802424329714E-02      2.720260071449E-02      2.653725386252E-02      2.597762878923E-02      2.502048722079E-01
      1.350000000000E+00      1.151431215353E-01      5.270551301206E-02      4.006897635205E-02      3.529145351988E-02      3.275626317156E-02      3.113555393753E-02      2.997594449401E-02      2.908238406692E-02      2.835723544675E-02      2.774619337774E-02      2.580304238144E-01
      1.400000000000E+00      1.212899052879E-01      5.629457345050E-02      4.283833263327E-02      3.771379348253E-02      3.498529514681E-02      3.323625912753E-02      3.198165464096E-02      3.101266379481E-02      3.022472927369E-02      2.955968180145E-02      2.657620646077E-01
      1.450000000000E+00      1.275036671000E-01      5.998432415783E-02      4.569103274056E-02      4.020757530604E-02      3.727803349660E-02      3.539511313879E-02      3.404118629168E-02      3.299321831639E-02      3.213949721502E-02      3.141785440090E-02      2.734031495318E-01
      1.500000000000E+00      1.337819767846E-01      6.377437163551E-02      4.862728670392E-02      4.277298815411E-02      3.963457011666E-02      3.761212821831E-02      3.615449784611E-02      3.502397465599E-02      3.410145368294E-02      3.332062869585E-02      2.809569781053E-01
      1.550000000000E+00      1.401227293514E-01      6.766450628174E-02      5.164746576634E-02      4.541037693385E-02      4.205514835551E-02      3.988746619677E-02      3.832169787549E-02      3.710501238617E-02      3.611066916135E-02      3.526808245217E-02      2.884268025090E-01
      1.600000000000E+00      1.465241299413E-01      7.165470667686E-02      5.475210774980E-02      4.812024754836E-02      4.454016805188E-02      4.222144320847E-02      4.054304949995E-02      3.923656764840E-02      3.816737383298E-02      3.726045685579E-02      2.958158343286E-01
      1.650000000000E+00      1.529846815346E-01      7.574514518189E-02      5.794192367883E-02      5.090327330146E-02      4.709019163729E-02      4.461453539964E-02      4.281897568066E-02      4.141903801776E-02      4.027196198355E-02      3.929816040040E-02      3.031272511861E-01
      1.700000000000E+00      1.595031728572E-01      7.993619283806E-02      6.121780411886E-02      5.376030121167E-02      4.970595026350E-02      4.706738473665E-02      4.515006466080E-02      4.365298754961E-02      4.242499661080E-02      4.138177299651E-02      3.103642017914E-01
      1.750000000000E+00      1.660786673845E-01      8.422842457171E-02      6.458082602608E-02      5.669235890038E-02      5.238835052794E-02      4.958080541595E-02      4.753707599671E-02      4.593915239636E-02      4.462721457980E-02      4.351205060206E-02      3.175298100896E-01
      1.800000000000E+00      1.727104911733E-01      8.862262288249E-02      6.803225870056E-02      5.970066092867E-02      5.513848086756E-02      5.215579009218E-02      4.998094651115E-02      4.827844642146E-02      4.687953183214E-02      4.568992995182E-02      3.246271770234E-01
      1.850000000000E+00      1.793982212093E-01      9.311978172849E-02      7.157357019259E-02      6.278661566986E-02      5.795761851909E-02      5.479351667500E-02      5.248279679642E-02      5.067196733303E-02      4.918304907986E-02      4.791653373704E-02      3.316593811516E-01
      1.900000000000E+00      1.861416699193E-01      9.772110678754E-02      7.520643116869E-02      6.595183032716E-02      6.084723508365E-02      5.749535405447E-02      5.504393688061E-02      5.312100215597E-02      5.153905697455E-02      5.019317537086E-02      3.386294751597E-01
      1.950000000000E+00      1.929408685848E-01      1.024280147973E-01      7.893271834988E-02      6.919811575516E-02      6.380900202363E-02      6.026286782427E-02      5.766587191248E-02      5.562703271701E-02      5.394904126986E-02      5.252136372332E-02      3.455404801629E-01
      2.000000000000E+00      1.997960437876E-01      1.072421265226E-01      8.275451319594E-02      7.252748762151E-02      6.684479325238E-02      6.309782363464E-02      6.035030586672E-02      5.819173944277E-02      5.641468652452E-02      5.490280658026E-02      3.523953739187E-01


 Calculation finished at  2022-02-15 04:18:00