# M=18, N=9, Vp=0.0, t=1.0, n=1, Vstart=-2.0, Vstop=0.0, Vnum=201, PBC
# start time 2022-10-16 02:17:39
#                       V#                 S1(n=1)#                 S2(n=1)                 S3(n=1)#                 S4(n=1)#                 S5(n=1)#                 S6(n=1)#                 S7(n=1)#                 S8(n=1)#                 S9(n=1)#                S10(n=1)#               S1/2(n=1)#               Sinf(n=1)
     -1.000000000000E-02      2.339078729285E-05      3.362918282512E-06      2.522190832188E-06      2.241945877834E-06      2.101822827782E-06      2.017748539362E-06      1.961698631536E-06      1.921662655668E-06      1.891635386997E-06      1.868280590234E-06      2.325305336083E-03      2.240541165932E-07
     -2.000000000000E-02      8.439044840447E-05      1.347901913107E-05      1.010929841394E-05      8.986018427137E-06      8.424369205784E-06      8.087372290522E-06      7.862701528527E-06      7.702217139638E-06      7.581849234217E-06      7.488225651109E-06      4.647683249707E-03      8.911605098305E-07
     -3.000000000000E-02      1.778991609158E-04      3.038967134650E-05      2.279242667580E-05      2.025980945808E-05      1.899345383238E-05      1.823360284714E-05      1.772700418146E-05      1.736512112860E-05      1.709368533342E-05      1.688254771004E-05      6.967153613121E-03      1.993742384077E-06
     -4.000000000000E-02      3.012588500177E-04      5.413666544341E-05      4.060304862330E-05      3.609120004677E-05      3.383512620703E-05      3.248136228073E-05      3.157875331228E-05      3.093394717979E-05      3.045026782100E-05      3.007400631283E-05      9.283729907855E-03      3.524213014305E-06
     -5.000000000000E-02      4.526452163374E-04      8.476222176323E-05      6.357301351745E-05      5.650836570448E-05      5.297567432239E-05      5.085576558450E-05      4.944224817605E-05      4.843238296459E-05      4.767480038126E-05      4.708540622245E-05      1.159742595338E-02      5.474972315067E-06
     -6.000000000000E-02      6.306735124193E-04      1.223089958042E-04      9.173455198663E-05      8.153977967851E-05      7.644162657883E-05      7.338212138031E-05      7.134194015634E-05      6.988422979681E-05      6.879056374620E-05      6.793959391738E-05      1.390825571585E-02      7.838415719608E-06
     -7.000000000000E-02      8.342319804786E-04      1.668200812817E-04      1.251202794674E-04      1.112142147455E-04      1.042597522538E-04      1.000859312068E-04      9.730243094586E-05      9.531339975899E-05      9.382091179067E-05      9.265945267689E-05      1.621623305781E-02      1.060692926913E-05
     -8.000000000000E-02      1.062395130696E-03      2.183390193062E-04      1.637632042670E-04      1.455607490795E-04      1.364570657527E-04      1.309928924136E-04      1.273484742095E-04      1.247439162042E-04      1.227892709297E-04      1.212679009033E-04      1.852137200274E-02      1.377289077720E-05
     -9.000000000000E-02      1.314372588904E-03      2.769097825541E-04      2.076967168878E-04      1.846087554402E-04      1.730608151997E-04      1.661288859816E-04      1.615049625654E-04      1.581998998561E-04      1.557191253063E-04      1.537878763886E-04      2.082368576635E-02      1.732867158255E-05
     -1.000000000000E-01      1.589476600743E-03      3.425768086891E-04      2.569546163316E-04      2.283879232015E-04      2.140985017682E-04      2.055199938336E-04      1.997969432002E-04      1.957055829256E-04      1.926340295393E-04      1.902423477786E-04      2.312318824424E-02      2.126663503521E-05
     -1.100000000000E-01      1.887099824883E-03      4.153849865669E-04      3.115711010158E-04      2.769282488893E-04      2.595978694693E-04      2.491924877397E-04      2.422496058454E-04      2.372852961310E-04      2.335575947683E-04      2.306542996311E-04      2.541989302355E-02      2.557913924672E-05
     -1.200000000000E-01      2.206699643628E-03      4.953796599225E-04      3.715807728319E-04      3.302600383832E-04      3.095869058245E-04      2.971728286543E-04      2.888882808620E-04      2.829634655837E-04      2.785134843855E-04      2.750467270265E-04      2.771381352122E-02      3.025853123040E-05
     -1.300000000000E-01      2.547786654688E-03      5.826066380230E-04      4.370186464646E-04      3.884139137478E-04      3.640938468532E-04      3.494876701389E-04      3.397384412680E-04      3.327646135149E-04      3.275254135175E-04      3.234426338521E-04      3.000496314959E-02      3.529715870298E-05
     -1.400000000000E-01      2.909915940836E-03      6.771121972826E-04      5.079201519593E-04      4.514208140449E-04      4.231471763729E-04      4.061638563169E-04      3.948256994106E-04      3.867133537221E-04      3.806171432865E-04      3.758650259011E-04      3.229335525190E-02      4.068735981644E-05
     -1.500000000000E-01      3.292680312651E-03      7.789430850345E-04      5.843211389474E-04      5.193119975795E-04      4.867756266038E-04      4.672284210225E-04      4.541758047787E-04      4.448343881029E-04      4.378124761115E-04      4.323369049812E-04      3.457900308745E-02      4.642146852696E-05
     -1.600000000000E-01      3.695704993165E-03      8.881465300847E-04      6.662578859875E-04      5.921190486595E-04      5.550081829697E-04      5.327085909514E-04      5.178146456588E-04      5.071525069189E-04      4.991352546484E-04      4.928812665796E-04      3.686191992652E-02      5.249181774181E-05
     -1.700000000000E-01      4.118643260182E-03      1.004770225921E-03      7.537670894266E-04      6.698738661348E-04      6.278740717827E-04      6.026317723542E-04      5.857682347763E-04      5.736925733597E-04      5.646093452629E-04      5.575210822446E-04      3.914211875569E-02      5.889072522924E-05
     -1.800000000000E-01      4.561173039693E-03      1.128862362618E-03      8.468858888397E-04      7.526086843863E-04      7.054027782836E-04      6.770255668034E-04      6.580627231418E-04      6.444795356706E-04      6.342586485824E-04      6.262793086562E-04      4.141961267862E-02      6.561051681864E-05
     -1.900000000000E-01      5.022993994327E-03      1.260471624818E-03      9.456518670432E-04      8.403560716963E-04      7.876240434559E-04      7.559177665670E-04      7.347243940470E-04      7.195384198253E-04      7.081070908779E-04      6.991788777553E-04      4.369441478087E-02      7.264351517478E-05
     -2.000000000000E-01      5.503825017677E-03      1.399647166219E-03      1.050103032521E-03      9.331489129809E-04      8.745678461497E-04      8.393363358570E-04      8.157796433195E-04      7.988943087232E-04      7.861786021777E-04      7.762426737568E-04      4.596653784026E-02      7.998202433290E-05
     -2.100000000000E-01      6.003402376408E-03      1.546438671986E-03      1.160277867871E-03      1.031020451085E-03      9.662644399979E-04      9.273094445641E-04      9.012550104939E-04      8.825723711614E-04      8.684971432769E-04      8.574935583670E-04      4.823599490965E-02      8.761836943538E-05
     -2.200000000000E-01      6.521477836206E-03      1.700896317163E-03      1.276215300242E-03      1.134004258804E-03      1.062744325424E-03      1.019865439735E-03      9.911771495039E-04      9.705978316101E-04      9.550866745265E-04      9.429543385466E-04      5.050279889723E-02      9.554486026264E-05
     -2.300000000000E-01      7.057817195086E-03      1.863070781109E-03      1.397954713854E-03      1.242134248203E-03      1.164038256519E-03      1.117032850416E-03      1.085572831722E-03      1.062995971591E-03      1.045971155646E-03      1.032647764835E-03      5.276696241994E-02      1.037537962598E-04
     -2.400000000000E-01      7.612198915045E-03      2.033013218136E-03      1.525535929678E-03      1.355444650790E-03      1.270177220612E-03      1.218840366302E-03      1.184468923553E-03      1.159792106149E-03      1.141174521051E-03      1.126596505528E-03      5.502849807057E-02      1.122374984623E-04
     -2.500000000000E-01      8.184413273027E-03      2.210775358357E-03      1.658999282918E-03      1.473970084412E-03      1.381192498924E-03      1.325316894049E-03      1.287892439344E-03      1.261011633929E-03      1.240720727461E-03      1.224823192063E-03      5.728741868399E-02      1.209882747055E-04
     -2.600000000000E-01      8.774261161987E-03      2.396409437484E-03      1.798385572119E-03      1.597745506195E-03      1.497115620535E-03      1.436491511262E-03      1.395870494950E-03      1.366679990059E-03      1.344633705952E-03      1.327350370178E-03      5.954373695593E-02      1.299984350021E-04
     -2.700000000000E-01      9.381553239502E-03      2.589968204970E-03      1.943736067138E-03      1.726806217692E-03      1.617978365159E-03      1.552393467245E-03      1.508430306639E-03      1.476822643346E-03      1.452937357547E-03      1.434200493957E-03      6.179746543203E-02      1.392602940560E-04
     -2.800000000000E-01      1.000610921776E-02      2.791504946475E-03      2.095092527910E-03      1.861187879566E-03      1.743812774794E-03      1.673052192212E-03      1.625599198181E-03      1.591465101436E-03      1.565655556588E-03      1.545395927538E-03      6.404861666952E-02      1.487661624204E-04
     -2.900000000000E-01      1.064775718308E-02      3.001073489294E-03      2.252497210473E-03      2.000926514911E-03      1.874651154671E-03      1.798497296155E-03      1.747404597819E-03      1.710632906029E-03      1.682812144291E-03      1.660958937079E-03      6.629720322128E-02      1.585083578393E-04
     -3.000000000000E-01      1.130633296885E-02      3.218728199123E-03      2.415992866530E-03      2.146058506824E-03      2.010526068772E-03      1.928758562502E-03      1.873874030184E-03      1.834351623124E-03      1.804430917395E-03      1.780911677889E-03      6.854323758454E-02      1.684791998167E-04
     -3.100000000000E-01      1.198167962169E-02      3.444523988368E-03      2.585622751737E-03      2.296620603654E-03      2.151470342484E-03      2.063865948532E-03      2.005035114692E-03      1.962646839552E-03      1.930535622959E-03      1.905276187576E-03      7.078673222733E-02      1.786710116285E-04
     -3.200000000000E-01      1.267364693946E-02      3.678516331093E-03      2.761430639019E-03      2.452649928673E-03      2.297517069313E-03      2.203849589630E-03      2.140915567622E-03      2.095544163077E-03      2.061149956601E-03      2.034074382552E-03      7.302769966424E-02      1.890761251051E-04
     -3.300000000000E-01      1.338209094913E-02      3.920761238569E-03      2.943460802346E-03      2.614183963514E-03      2.448699593019E-03      2.348739779967E-03      2.281543181291E-03      2.233069200057E-03      2.196297538706E-03      2.167328032815E-03      7.526615221676E-02      1.996868676888E-04
     -3.400000000000E-01      1.410687357285E-02      4.171315285914E-03      3.131758038929E-03      2.781260565663E-03      2.605051521558E-03      2.498566983586E-03      2.426945832702E-03      2.375247561913E-03      2.336001918879E-03      2.305058764541E-03      7.750210225903E-02      2.104955765359E-04
     -3.500000000000E-01      1.484786229650E-02      4.430235633099E-03      3.326367687264E-03      2.953917982125E-03      2.766606737286E-03      2.653361841798E-03      2.577151488457E-03      2.522104867805E-03      2.480286576569E-03      2.447288058811E-03      7.973556222246E-02      2.214945996464E-04
     -3.600000000000E-01      1.560492995138E-02      4.697580078183E-03      3.527335669455E-03      3.132194884529E-03      2.933399427132E-03      2.813155199566E-03      2.732188228026E-03      2.673666765177E-03      2.629174939177E-03      2.594037267476E-03      8.196654480535E-02      2.326762961773E-04
     -3.700000000000E-01      1.637795364814E-02      4.973406740282E-03      3.734708255225E-03      3.316130158200E-03      3.105463883326E-03      2.977977912852E-03      2.892084055206E-03      2.829958743955E-03      2.782690198152E-03      2.745327430649E-03      8.419506154260E-02      2.440330109308E-04
     -3.800000000000E-01      1.716681598412E-02      5.257774690629E-03      3.948532538772E-03      3.505763321273E-03      3.282834891420E-03      3.147861216505E-03      3.056867251424E-03      2.991006478470E-03      2.940855641590E-03      2.901179601354E-03      8.642112560227E-02      2.555571254854E-04
     -3.900000000000E-01      1.797140331025E-02      5.550743334302E-03      4.168855976378E-03      3.701134113549E-03      3.465547344249E-03      3.322836353183E-03      3.226566014619E-03      3.156835473474E-03      3.103694305646E-03      3.061614501234E-03      8.864474891928E-02      2.672410085176E-04
     -4.000000000000E-01      1.879160615889E-02      5.852372688142E-03      4.395726597894E-03      3.902282680996E-03      3.653636411143E-03      3.502934732299E-03      3.401208610485E-03      3.327471209211E-03      3.271229114426E-03      3.226652655950E-03      9.086594383594E-02      2.790770615775E-04
     -4.100000000000E-01      1.962731921747E-02      6.162723479997E-03      4.629193084015E-03      4.109249641416E-03      3.847137596119E-03      3.688187982762E-03      3.580823420856E-03      3.502939186101E-03      3.443482921436E-03      3.396314433748E-03      9.308472283559E-02      2.910576769453E-04
     -4.200000000000E-01      2.047844075959E-02      6.481856987708E-03      4.869304647798E-03      4.322075977211E-03      4.046086635017E-03      3.878627852106E-03      3.765438843696E-03      3.683264825020E-03      3.620478409829E-03      3.570619945496E-03      9.530109827955E-02      3.031752664056E-04
     -4.300000000000E-01      2.134487259495E-02      6.809835104713E-03      5.116111086708E-03      4.540803078765E-03      4.250519532880E-03      4.074286239335E-03      3.955083322245E-03      3.868473493254E-03      3.802238115547E-03      3.749589065311E-03      9.751508250869E-02      3.154222530211E-04
     -4.400000000000E-01      2.222651981611E-02      7.146720305697E-03      5.369662759606E-03      4.765472721396E-03      4.460472539316E-03      4.275195168496E-03      4.149785316768E-03      4.058590474496E-03      3.988784395642E-03      3.933241397317E-03      9.972668789599E-02      3.277910838553E-04
     -4.500000000000E-01      2.312329102288E-02      7.492575830558E-03      5.630010728019E-03      4.996127187382E-03      4.675982258919E-03      4.481386890996E-03      4.349573400636E-03      4.253641059791E-03      4.180139514860E-03      4.121596358404E-03      1.019359271893E-01      3.402742068737E-04
     -4.600000000000E-01      2.403509723507E-02      7.847465260737E-03      5.897206440171E-03      5.232808984418E-03      4.897085386033E-03      4.692893629880E-03      4.554476010803E-03      4.453650302409E-03      4.376325403809E-03      4.314672939040E-03      1.041428121950E-01      3.528640858952E-04
     -4.700000000000E-01      2.496185297959E-02      8.211453081143E-03      6.171302156931E-03      5.475561218529E-03      5.123819048272E-03      4.909747903934E-03      4.764521757593E-03      4.658643316291E-03      4.577363948014E-03      4.512489984283E-03      1.063473556873E-01      3.655532075419E-04
     -4.800000000000E-01      2.590347540813E-02      8.584604345559E-03      6.452350703053E-03      5.724427371744E-03      5.356220596232E-03      5.131982324177E-03      4.979739225456E-03      4.868645079717E-03      4.783276793707E-03      4.715066001219E-03      1.085495702176E-01      3.783340716512E-04
     -4.900000000000E-01      2.685988423358E-02      8.966984704034E-03      6.740405490870E-03      5.979451320165E-03      5.594327616853E-03      5.359629603418E-03      5.200156979293E-03      5.083680438816E-03      4.994085348847E-03      4.922419157778E-03      1.107494682279E-01      3.911991958048E-04
     -5.000000000000E-01      2.783100197785E-02      9.358660583228E-03      7.035520659388E-03      6.240677453416E-03      5.838178040640E-03      5.592722654808E-03      5.425803656261E-03      5.303774193780E-03      5.209810864570E-03      5.134567360040E-03      1.129470625350E-01      4.041410803577E-04
     -5.100000000000E-01      2.881675314137E-02      9.759698839575E-03      7.337750816243E-03      6.508150444707E-03      6.087809924749E-03      5.831294382480E-03      5.656707761347E-03      5.528950898007E-03      5.430474237091E-03      5.351528056429E-03      1.151423653869E-01      4.171523549799E-04
     -5.200000000000E-01      2.981706500975E-02      1.017016720569E-02      7.647151377409E-03      6.781915546480E-03      6.343261723297E-03      6.075377934672E-03      5.892897907558E-03      5.759235087861E-03      5.656096228717E-03      5.573318451173E-03      1.173353896530E-01      4.302255647675E-04
     -5.300000000000E-01      3.083186698849E-02      1.059013401843E-02      7.963778365777E-03      7.062018410191E-03      6.604572116392E-03      6.325006537865E-03      6.134402653236E-03      5.994651122180E-03      5.886697309003E-03      5.799955346837E-03      1.195261480721E-01      4.433533037225E-04
     -5.400000000000E-01      3.186109065508E-02      1.101966829249E-02      8.287688470127E-03      7.348505135011E-03      6.871780051318E-03      6.580213532240E-03      6.381250532862E-03      6.235223209148E-03      6.122297678250E-03      6.031455164888E-03      1.217146534459E-01      4.565281924611E-04
     -5.500000000000E-01      3.290466987715E-02      1.145883982836E-02      8.618939130172E-03      7.641422339237E-03      7.144924804523E-03      6.841032426665E-03      6.633470106433E-03      6.480975450979E-03      6.362917308171E-03      6.267833982894E-03      1.239009189509E-01      4.697429309548E-04
     -5.600000000000E-01      3.396253995923E-02      1.190771882472E-02      8.957588247916E-03      7.940816903788E-03      7.424045740185E-03      7.107496666207E-03      6.891089733053E-03      6.731931622056E-03      6.608575723727E-03      6.509107319582E-03      1.260849569334E-01      4.829900709145E-04
     -5.700000000000E-01      3.503463890717E-02      1.236637655883E-02      9.303694704664E-03      8.246736422586E-03      7.709182722630E-03      7.379640018931E-03      7.154137938483E-03      6.988115521053E-03      6.859292342317E-03      6.755290462873E-03      1.282667810489E-01      4.962623866973E-04
     -5.800000000000E-01      3.612090574632E-02      1.283488459049E-02      9.657317764305E-03      8.559228675580E-03      8.000375624452E-03      7.657496105973E-03      7.422642960830E-03      7.249550528696E-03      7.115086041530E-03      7.006398046319E-03      1.304464035416E-01      5.095525412475E-04
     -5.900000000000E-01      3.722128213265E-02      1.331331559067E-02      1.001851770270E-02      8.878342177625E-03      8.297664829831E-03      7.941098874255E-03      7.696633200370E-03      7.516260039309E-03      7.375975575419E-03      7.262444452255E-03      1.326238382685E-01      5.228533293211E-04
     -6.000000000000E-01      3.833571120071E-02      1.380174282078E-02      1.038735541865E-02      9.204125833361E-03      8.601090910425E-03      8.230482285070E-03      7.976136916906E-03      7.788267164839E-03      7.641979284016E-03      7.523443526113E-03      1.347990986146E-01      5.361574881371E-04
     -6.100000000000E-01      3.946413749451E-02      1.430024012094E-02      1.076389242926E-02      9.536628930446E-03      8.910694615227E-03      8.525680300975E-03      8.261182214183E-03      8.065594717224E-03      7.913115074057E-03      7.789408555904E-03      1.369721975812E-01      5.494578277441E-04
     -6.200000000000E-01      4.060650751288E-02      1.480888221954E-02      1.114819110787E-02      9.875901343804E-03      9.226517053792E-03      8.826727054128E-03      8.551797196673E-03      8.348265355742E-03      8.189400558383E-03      8.060352404800E-03      1.391431489736E-01      5.627471907670E-04
     -6.300000000000E-01      4.176276919490E-02      1.532774451112E-02      1.154031452083E-02      1.022199338934E-02      9.548599556574E-03      9.133656710099E-03      8.848009835600E-03      8.636301454695E-03      8.470852925082E-03      8.336287381745E-03      1.413119663482E-01      5.760184480819E-04
     -6.400000000000E-01      4.293287209721E-02      1.585690317695E-02      1.194032652298E-02      1.057495590393E-02      9.876983743859E-03      9.446503528574E-03      9.149848023139E-03      8.929725152306E-03      8.757488982009E-03      8.617225282346E-03      1.434786634863E-01      5.892644971364E-04
     -6.500000000000E-01      4.411676729954E-02      1.639643516566E-02      1.234829174770E-02      1.093484023284E-02      1.021171150881E-02      9.765301842501E-03      9.457339548255E-03      9.228558323785E-03      9.049325127590E-03      8.903177357927E-03      1.456432544217E-01      6.024782899088E-04
     -6.600000000000E-01      4.531440715538E-02      1.694641809128E-02      1.276427553446E-02      1.130169816297E-02      1.055282495106E-02      1.009008599109E-02      9.770512028923E-03      9.532822512908E-03      9.346377282030E-03      9.194154246688E-03      1.478057529876E-01      6.156527594832E-04
     -6.700000000000E-01      4.652574558368E-02      1.750693041667E-02      1.318834407242E-02      1.167558204419E-02      1.090036648296E-02      1.042089041486E-02      1.008939299848E-02      9.842539011302E-03      9.648660960745E-03      9.490166042287E-03      1.499661734610E-01      6.287808997620E-04
     -6.800000000000E-01      4.775073804464E-02      1.807805147923E-02      1.362056442483E-02      1.205654480685E-02      1.125437884005E-02      1.075774966060E-02      1.041400990608E-02      1.015772885524E-02      9.956191268255E-03      9.791222285501E-03      1.521245304102E-01      6.418557342820E-04
     -6.900000000000E-01      4.898934076233E-02      1.865986106839E-02      1.406100421440E-02      1.244463968381E-02      1.161490482053E-02      1.110069813161E-02      1.074438987480E-02      1.047841259025E-02      1.026898266859E-02      1.009733174015E-02      1.542808380025E-01      6.548703531943E-04
     -7.000000000000E-01      5.024151195557E-02      1.925244016265E-02      1.450973218631E-02      1.283992069684E-02      1.198198772583E-02      1.144977049634E-02      1.108056008595E-02      1.080461063562E-02      1.058704933318E-02      1.040850272666E-02      1.564351113159E-01      6.678178553003E-04
     -7.100000000000E-01      5.150721044842E-02      1.985587015335E-02      1.496681762588E-02      1.324244214638E-02      1.235567088748E-02      1.180500123969E-02      1.142254734862E-02      1.113634286910E-02      1.091040473884E-02      1.072474273235E-02      1.585873648208E-01      6.806913779460E-04
     -7.200000000000E-01      5.278639683602E-02      2.047023354286E-02      1.543233089272E-02      1.365225907136E-02      1.273599808178E-02      1.216642504582E-02      1.177037845813E-02      1.147362896542E-02      1.123906198953E-02      1.104605871875E-02      1.607376138998E-01      6.934841292163E-04
     -7.300000000000E-01      5.407903278119E-02      2.109561357223E-02      1.590634314442E-02      1.406942700521E-02      1.312301330064E-02      1.253407657821E-02      1.212407998291E-02      1.181648818905E-02      1.157303361458E-02      1.137245692523E-02      1.628858738102E-01      7.061892986333E-04
     -7.400000000000E-01      5.538508087825E-02      2.173209414251E-02      1.638892628249E-02      1.449400192572E-02      1.351676070029E-02      1.290799042693E-02      1.248367821062E-02      1.216493933969E-02      1.191233151419E-02      1.170394281509E-02      1.650321599184E-01      7.188001640346E-04
     -7.500000000000E-01      5.670450592621E-02      2.237976061565E-02      1.688015356565E-02      1.492604078178E-02      1.391728507521E-02      1.328820154516E-02      1.284919955588E-02      1.251900113640E-02      1.225696732354E-02      1.204052142249E-02      1.671764890025E-01      7.313101529354E-04
     -7.600000000000E-01      5.803727156800E-02      2.303869782818E-02      1.738009810950E-02      1.536560018986E-02      1.432463066282E-02      1.367474412754E-02      1.322066949522E-02      1.287869119985E-02      1.260695143664E-02      1.238219641406E-02      1.693188751343E-01      7.437123618925E-04
     -7.700000000000E-01      5.938334460808E-02      2.370899265695E-02      1.788883483772E-02      1.581273812003E-02      1.473884267505E-02      1.406765303449E-02      1.359811390894E-02      1.324402732626E-02      1.296229422203E-02      1.272897125335E-02      1.714593355580E-01      7.560003586291E-04
     -7.800000000000E-01      6.074269310420E-02      2.439073298742E-02      1.840643970657E-02      1.626751321887E-02      1.515996667281E-02      1.446696320111E-02      1.398155851628E-02      1.361502694471E-02      1.332300549985E-02      1.308084869620E-02      1.735978872785E-01      7.681674638818E-04
     -7.900000000000E-01      6.211528357456E-02      2.508400589560E-02      1.893298833367E-02      1.672998362422E-02      1.558804748474E-02      1.487270862789E-02      1.437102792268E-02      1.399170621227E-02      1.368909367951E-02      1.343782996774E-02      1.757345455124E-01      7.802072994201E-04
     -8.000000000000E-01      6.350108748006E-02      2.578890180427E-02      1.946855915900E-02      1.720020968797E-02      1.602313167285E-02      1.528492466620E-02      1.476654776493E-02      1.437408204254E-02      1.406056768739E-02      1.379991660009E-02      1.778693293552E-01      7.921134765874E-04
     -8.100000000000E-01      6.490007317894E-02      2.650550937545E-02      2.001322956679E-02      1.767825062400E-02      1.646526447984E-02      1.570364517318E-02      1.516814202799E-02      1.476216955817E-02      1.443743453840E-02      1.416710811196E-02      1.800022539205E-01      8.038793558942E-04
     -8.200000000000E-01      6.631221455813E-02      2.723392104002E-02      2.056708009937E-02      1.816416813874E-02      1.691449311784E-02      1.612890556111E-02      1.557583590783E-02      1.515598479863E-02      1.481970190937E-02      1.453940446221E-02      1.821333393847E-01      8.154987321647E-04
     -8.300000000000E-01      6.773748191175E-02      2.797422717189E-02      2.113019004024E-02      1.865802262554E-02      1.737086331440E-02      1.656073958951E-02      1.598965279682E-02      1.555554186836E-02      1.520737543061E-02      1.491680347169E-02      1.842626015792E-01      8.269651813428E-04
     -8.400000000000E-01      6.917584963684E-02      2.872652105879E-02      2.170264119252E-02      1.915987640875E-02      1.783442224005E-02      1.699918206894E-02      1.640961681217E-02      1.596085531885E-02      1.560046094078E-02      1.529930296443E-02      1.863900596816E-01      8.382723832736E-04
     -8.500000000000E-01      7.062729231520E-02      2.949089638703E-02      2.228451597826E-02      1.966979210543E-02      1.830521701852E-02      1.744426747511E-02      1.683575149208E-02      1.637193891456E-02      1.599896331505E-02      1.568689965328E-02      1.885157325771E-01      8.494141958231E-04
     -8.600000000000E-01      7.209178469068E-02      3.026744721023E-02      2.287589742080E-02      2.018783260747E-02      1.878329470469E-02      1.789602992335E-02      1.726807976825E-02      1.678880560492E-02      1.640288643795E-02      1.607958911469E-02      1.906396389380E-01      8.603845779778E-04
     -8.700000000000E-01      7.356930369477E-02      3.105626935580E-02      2.347687022377E-02      2.071406200367E-02      1.926870310953E-02      1.835450392411E-02      1.770662466717E-02      1.721146818103E-02      1.681223382209E-02      1.647736637461E-02      1.927617985677E-01      8.711772700303E-04
     -8.800000000000E-01      7.505982638272E-02      3.185745902107E-02      2.408751971017E-02      2.124854466650E-02      1.976148996924E-02      1.881972360995E-02      1.815140858359E-02      1.763993858950E-02      1.722700795898E-02      1.688022529396E-02      1.948822311754E-01      8.817862923638E-04
     -8.900000000000E-01      7.656333101555E-02      3.267111353636E-02      2.470793241177E-02      2.179134575174E-02      2.026170338648E-02      1.929172313431E-02      1.860245364642E-02      1.807422827180E-02      1.764721063628E-02      1.728815886754E-02      1.970009570035E-01      8.922055785652E-04
     -9.000000000000E-01      7.807979689353E-02      3.349733125367E-02      2.533819599304E-02      2.234253113059E-02      2.076939176250E-02      1.977053660327E-02      1.905978165107E-02      1.851434809853E-02      1.807284287546E-02      1.770115916619E-02      1.991179969006E-01      9.024291758934E-04
     -9.100000000000E-01      7.960920425940E-02      3.433621150718E-02      2.597839922984E-02      2.290216736714E-02      2.128460376854E-02      2.025619804192E-02      1.952341402284E-02      1.896030833164E-02      1.850390489447E-02      1.811921730159E-02      2.012333721507E-01      9.124512258589E-04
     -9.200000000000E-01      8.115153475332E-02      3.518785493684E-02      2.662863226638E-02      2.347032193410E-02      2.180738853151E-02      2.074874155788E-02      1.999337196379E-02      1.941211875887E-02      1.894039623297E-02      1.854232354482E-02      2.033471049779E-01      9.222658947392E-04
     -9.300000000000E-01      8.270676953722E-02      3.605236216708E-02      2.728898561019E-02      2.404706235258E-02      2.233779485608E-02      2.124820062226E-02      2.046967578186E-02      1.986978806520E-02      1.938231516290E-02      1.897046677405E-02      2.054592169657E-01      9.318675272940E-04
     -9.400000000000E-01      8.427489113389E-02      3.692983517970E-02      2.795955120357E-02      2.463245710501E-02      2.287587203670E-02      2.175460880902E-02      2.095234557396E-02      2.033332447041E-02      1.982965928797E-02      1.940363504178E-02      2.075697301300E-01      9.412502032795E-04
     -9.500000000000E-01      8.585588481407E-02      3.782037821209E-02      2.864042309836E-02      2.522657619651E-02      2.342167034264E-02      2.226800022295E-02      2.144140160860E-02      2.080273607423E-02      2.028242585721E-02      1.984181586117E-02      2.096786684988E-01      9.504077140412E-04
     -9.600000000000E-01      8.744973503219E-02      3.872409521745E-02      2.933169554724E-02      2.582948953744E-02      2.397523957361E-02      2.278840818155E-02      2.193686311132E-02      2.127802973255E-02      2.074061072398E-02      2.028499524264E-02      2.117860570603E-01      9.593354947652E-04
     -9.700000000000E-01      8.905642650790E-02      3.964109081218E-02      3.003346372263E-02      2.644126755480E-02      2.453662960178E-02      2.331586570679E-02      2.243874871788E-02      2.175921147977E-02      2.120420874306E-02      2.073315806968E-02      2.138919184748E-01      9.680274688950E-04
     -9.800000000000E-01      9.067594719646E-02      4.057147226677E-02      3.074582525640E-02      2.706198248342E-02      2.510589150053E-02      2.385040653394E-02      2.294707738762E-02      2.224628736274E-02      2.167321453650E-02      2.118628880569E-02      2.159962789684E-01      9.764781871362E-04
     -9.900000000000E-01      9.230828403875E-02      4.151534649003E-02      3.146887794222E-02      2.769170642418E-02      2.568307581817E-02      2.439206354306E-02      2.346186696434E-02      2.273926211460E-02      2.214762127009E-02      2.164437036535E-02      2.180991636811E-01      9.846822439692E-04
     -1.000000000000E+00      9.395342617345E-02      4.247282236958E-02      3.220272153768E-02      2.833051286551E-02      2.626823391947E-02      2.494086996882E-02      2.398313528186E-02      2.323814017375E-02      2.262742159798E-02      2.210738499451E-02      2.202005994068E-01      9.926342174107E-04
     -1.010000000000E+00      9.561136340803E-02      4.344400965361E-02      3.294745692014E-02      2.897847596650E-02      2.686141734124E-02      2.549685880878E-02      2.451089961686E-02      2.374292517743E-02      2.311260719517E-02      2.257531384021E-02      2.223006135461E-01      1.000328838104E-03
     -1.020000000000E+00      9.728208704673E-02      4.442901962267E-02      3.370318661347E-02      2.963567100163E-02      2.746267817997E-02      2.606006316935E-02      2.504517700338E-02      2.425362025196E-02      2.360316902872E-02      2.304813720717E-02      2.243992343230E-01      1.007760820376E-03
     -1.030000000000E+00      9.896558698487E-02      4.542796287082E-02      3.447001309674E-02      3.030217293269E-02      2.807206782239E-02      2.663051511315E-02      2.558598317754E-02      2.477022704411E-02      2.409909646915E-02      2.352583374465E-02      2.264964881287E-01      1.014924297485E-03
     -1.040000000000E+00      1.006618567686E-01      4.644095291466E-02      3.524804158770E-02      3.097805874845E-02      2.868963899868E-02      2.720824750063E-02      2.613333424964E-02      2.529274725051E-02      2.460037869614E-02      2.400838174236E-02      2.285924076200E-01      1.021815863004E-03
     -1.050000000000E+00      1.023708904636E-01      4.746810434628E-02      3.603737863231E-02      3.166340628589E-02      2.931544474595E-02      2.779329305984E-02      2.668724586336E-02      2.582118185710E-02      2.510700401203E-02      2.449575851396E-02      2.306870210563E-01      1.028428664675E-03
     -1.060000000000E+00      1.040926833675E-01      4.850953284212E-02      3.683813213190E-02      3.235829423899E-02      2.994953839447E-02      2.838568435450E-02      2.724773315142E-02      2.635553108720E-02      2.561895978671E-02      2.498794034204E-02      2.327803613366E-01      1.034758804195E-03
     -1.070000000000E+00      1.058272307694E-01      4.956535457051E-02      3.765041090290E-02      3.306280180292E-02      3.059197326220E-02      2.898545351788E-02      2.781481050507E-02      2.689579420547E-02      2.613623229537E-02      2.548490234936E-02      2.348724595118E-01      1.040800985808E-03
     -1.080000000000E+00      1.075745298150E-01      5.063568736622E-02      3.847432558284E-02      3.377700942293E-02      3.124280329502E-02      2.959263281148E-02      2.838849206918E-02      2.744196996180E-02      2.665880712050E-02      2.598661886595E-02      2.369633492366E-01      1.046550216433E-03
     -1.090000000000E+00      1.093345790369E-01      5.172065062120E-02      3.930998856854E-02      3.450099875161E-02      3.190208303057E-02      3.020725459489E-02      2.896879172042E-02      2.799405658037E-02      2.718666915383E-02      2.649306344557E-02      2.390530644968E-01      1.052001771991E-03
     -1.100000000000E+00      1.111073780953E-01      5.282036483808E-02      4.015751368516E-02      3.523485236601E-02      3.256986733731E-02      3.082935108117E-02      2.955572283938E-02      2.855205155040E-02      2.771980240768E-02      2.700420869917E-02      2.411416410960E-01      1.057150732407E-03
     -1.110000000000E+00      1.128929269673E-01      5.393495111441E-02      4.101701580409E-02      3.597865345451E-02      3.324621114011E-02      3.145895409229E-02      3.014929809430E-02      2.911595143829E-02      2.825818985599E-02      2.752002616514E-02      2.432291153293E-01      1.061992760914E-03
     -1.120000000000E+00      1.146912278913E-01      5.506453283498E-02      4.188861216183E-02      3.673248691957E-02      3.393117037606E-02      3.209609590585E-02      3.074953020238E-02      2.968575257978E-02      2.880181406904E-02      2.804048689529E-02      2.453155235473E-01      1.066522551857E-03
     -1.130000000000E+00      1.165022842866E-01      5.620923441719E-02      4.277242141202E-02      3.749643859745E-02      3.462480131734E-02      3.274080865612E-02      3.135643139882E-02      3.026145061170E-02      2.935065680441E-02      2.856556110224E-02      2.474009058301E-01      1.070736265587E-03
     -1.140000000000E+00      1.183261007299E-01      5.736918161491E-02      4.366856386600E-02      3.827059543829E-02      3.532716069891E-02      3.339312442164E-02      3.197001349535E-02      3.084304051054E-02      2.990469903279E-02      2.909521817805E-02      2.494853017382E-01      1.074628790844E-03
     -1.150000000000E+00      1.201626848197E-01      5.854450298735E-02      4.457716266307E-02      3.905504649805E-02      3.603830658906E-02      3.405307600667E-02      3.259028859396E-02      3.143051725286E-02      3.046392155545E-02      2.962942727613E-02      2.515687535391E-01      1.078195585822E-03
     -1.160000000000E+00      1.220120411017E-01      5.973532473020E-02      4.549833977910E-02      3.984987966465E-02      3.675829558870E-02      3.472069449955E-02      3.321726694332E-02      3.202387393182E-02      3.102830335319E-02      3.016815587089E-02      2.536513014391E-01      1.081431713871E-03
     -1.170000000000E+00      1.238741798553E-01      6.094177806469E-02      4.643222175233E-02      4.065518634157E-02      3.748718680588E-02      3.539601271051E-02      3.385095994238E-02      3.262310439489E-02      3.159782390856E-02      3.071137180341E-02      2.557329913519E-01      1.084333818231E-03
     -1.180000000000E+00      1.257491100942E-01      6.216399316344E-02      4.737893501725E-02      4.147105765181E-02      3.822503863791E-02      3.607906239267E-02      3.449137772411E-02      3.322820114146E-02      3.217246138119E-02      3.125904170547E-02      2.578138693761E-01      1.086898290138E-03
     -1.190000000000E+00      1.276368463062E-01      6.340210530574E-02      4.833861067074E-02      4.229758835415E-02      3.897191211372E-02      3.676987715264E-02      3.513853171936E-02      3.383915759682E-02      3.275219463339E-02      3.181113280863E-02      2.598939831585E-01      1.089120046394E-03
     -1.200000000000E+00      1.295374017838E-01      6.465624881013E-02      4.931137982324E-02      4.313487301836E-02      3.972786760509E-02      3.746848956722E-02      3.579243211061E-02      3.445596586062E-02      3.333700124291E-02      3.236761119728E-02      2.619733812036E-01      1.090994630982E-03
     -1.210000000000E+00      1.314507917577E-01      6.592655974647E-02      5.029737567134E-02      4.398300775492E-02      4.049296632981E-02      3.817493251750E-02      3.645308903196E-02      3.507861779599E-02      3.392685849731E-02      3.292844271946E-02      2.640521136203E-01      1.092517826641E-03
     -1.220000000000E+00      1.333770355369E-01      6.721317793915E-02      5.129673517600E-02      4.484209161046E-02      4.126727153740E-02      3.888924021618E-02      3.712051347356E-02      3.570710583589E-02      3.452174412046E-02      3.349359364735E-02      2.661302349705E-01      1.093685973285E-03
     -1.230000000000E+00      1.353161505710E-01      6.851624143533E-02      5.230959463136E-02      4.571222291249E-02      4.205084538222E-02      3.961144548354E-02      3.779471489219E-02      3.634142088547E-02      3.512163443516E-02      3.406302907439E-02      2.682077982071E-01      1.094494943453E-03
     -1.240000000000E+00      1.372681585570E-01      6.983589217676E-02      5.333609422161E-02      4.659350306282E-02      4.284375218843E-02      4.034158261378E-02      3.847570375807E-02      3.698155460174E-02      3.572650641325E-02      3.463671476403E-02      2.702848598842E-01      1.094940744108E-03
     -1.250000000000E+00      1.392330841953E-01      7.117227472282E-02      5.437637700165E-02      4.748603568338E-02      4.364605769693E-02      4.107968669807E-02      3.916349094506E-02      3.762749884713E-02      3.633633718955E-02      3.521461672077E-02      2.723614792403E-01      1.095019384973E-03
     -1.260000000000E+00      1.412109544761E-01      7.252553559468E-02      5.543058842668E-02      4.838992626307E-02      4.445782878666E-02      4.182579340547E-02      3.985808756751E-02      3.827924558091E-02      3.695110400623E-02      3.579670118486E-02      2.744377179233E-01      1.094726821059E-03
     -1.270000000000E+00      1.432017969176E-01      7.389582156730E-02      5.649887502434E-02      4.930528108382E-02      4.527913256844E-02      4.257993820603E-02      4.055950431489E-02      3.893678629499E-02      3.757078374148E-02      3.638293424591E-02      2.765136399316E-01      1.094060102892E-03
     -1.280000000000E+00      1.452056418556E-01      7.528328214408E-02      5.758138638261E-02      5.023220890881E-02      4.611003786742E-02      4.334215770107E-02      4.126775266500E-02      3.960011313364E-02      3.819535395175E-02      3.697328281820E-02      2.785893078769E-01      1.093013807546E-03
     -1.290000000000E+00      1.472225261264E-01      7.668807195213E-02      5.867827701026E-02      5.117082243476E-02      4.695061637047E-02      4.411249053295E-02      4.198284560310E-02      4.026921945614E-02      3.882479330320E-02      3.756771496025E-02      2.806647956022E-01      1.091585776258E-03
     -1.300000000000E+00      1.492524828604E-01      7.811034270580E-02      5.978970013146E-02      5.212123336550E-02      4.780093859503E-02      4.489097404675E-02      4.270479485959E-02      4.094409757171E-02      3.945907974332E-02      3.816619843226E-02      2.827401690984E-01      1.089771098992E-03
     -1.310000000000E+00      1.512955539844E-01      7.955025344322E-02      6.091581569217E-02      5.308355888339E-02      4.866107927878E-02      4.567764885120E-02      4.343361479891E-02      4.162474206367E-02      4.009819333967E-02      3.876870311117E-02      2.848155048712E-01      1.087567044376E-03
     -1.320000000000E+00      1.533517822892E-01      8.100796358852E-02      6.205678493422E-02      5.405791727799E-02      4.953111373750E-02      4.647255573503E-02      4.416931979742E-02      4.231114756434E-02      4.074211440210E-02      3.937519941842E-02      2.868908801490E-01      1.084969615599E-03
     -1.330000000000E+00      1.554212142714E-01      8.248363534116E-02      6.321277231108E-02      5.504442955152E-02      5.041111925367E-02      4.727573689437E-02      4.491192534744E-02      4.300330976172E-02      4.139082441001E-02      3.998565917958E-02      2.889663770761E-01      1.081975074793E-03
     -1.340000000000E+00      1.575038987957E-01      8.397743332914E-02      6.438394534241E-02      5.604321937731E-02      5.130117509703E-02      4.808723600211E-02      4.566144817229E-02      4.370122555858E-02      4.204430621194E-02      4.060005585937E-02      2.910420766700E-01      1.078580081925E-03
     -1.350000000000E+00      1.595998910906E-01      8.548952698407E-02      6.557047636999E-02      5.705441447393E-02      5.220136362422E-02      4.890709909612E-02      4.641790694732E-02      4.440489365806E-02      4.270254449869E-02      4.121836493835E-02      2.931180679428E-01      1.074781028413E-03
     -1.360000000000E+00      1.617092510853E-01      8.702008959821E-02      6.677254194766E-02      5.807814619334E-02      5.311176999709E-02      4.973537439964E-02      4.718132221060E-02      4.511431455693E-02      4.336552587114E-02      4.184056404615E-02      2.951944447732E-01      1.070575082395E-03
     -1.370000000000E+00      1.638320370473E-01      8.856929221624E-02      6.799031802791E-02      5.911454575489E-02      5.403247917793E-02      5.057210990838E-02      4.795171443955E-02      4.582948904031E-02      4.403323769610E-02      4.246663212949E-02      2.972712979380E-01      1.065957826189E-03
     -1.380000000000E+00      1.659683174152E-01      9.013731428474E-02      6.922398840645E-02      6.016375096078E-02      5.496358137572E-02      5.141735785633E-02      4.872910772544E-02      4.655042119867E-02      4.470567056639E-02      4.309655143438E-02      2.993487301017E-01      1.060926389672E-03
     -1.390000000000E+00      1.681181661273E-01      9.172434046801E-02      7.047374226350E-02      6.122590442021E-02      5.590517078600E-02      5.227117384954E-02      4.951352921959E-02      4.727711812508E-02      4.538281819752E-02      4.373030755602E-02      3.014268448755E-01      1.055477293995E-03
     -1.400000000000E+00      1.702816593857E-01      9.333055553275E-02      7.173977015182E-02      6.230115024318E-02      5.685734275536E-02      5.313361440706E-02      5.030500701154E-02      4.800958811050E-02      4.606467592564E-02      4.436788822670E-02      3.035057527213E-01      1.049607957598E-03
     -1.410000000000E+00      1.724588803294E-01      9.495615045030E-02      7.302226887366E-02      6.338963817038E-02      5.782019740636E-02      5.400474018396E-02      5.110357300267E-02      4.874784319684E-02      4.675124295574E-02      4.500928526662E-02      3.055855668382E-01      1.043314621449E-03
     -1.420000000000E+00      1.746499217778E-01      9.660132427790E-02      7.432144300946E-02      6.449152468916E-02      5.879384041091E-02      5.488461648539E-02      5.190926323153E-02      4.949189936897E-02      4.744252246254E-02      4.565449462593E-02      3.076664093421E-01      1.036594271558E-03
     -1.430000000000E+00      1.768548737463E-01      9.826627142932E-02      7.563749491168E-02      6.560696539202E-02      5.977837712419E-02      5.577330877664E-02      5.272211449531E-02      5.024177409464E-02      4.813851989536E-02      4.630351532575E-02      3.097484023578E-01      1.029443978159E-03
     -1.440000000000E+00      1.790738436351E-01      9.995120228960E-02      7.697064105994E-02      6.673612773794E-02      6.077392264866E-02      5.667089065425E-02      5.354217063531E-02      5.099749121858E-02      4.883924670652E-02      4.695635220175E-02      3.118316801966E-01      1.021859922784E-03
     -1.450000000000E+00      1.813069403777E-01      1.016563276236E-01      7.832109980868E-02      6.787918173626E-02      6.178059473307E-02      5.757743846051E-02      5.436947853165E-02      5.175907809142E-02      4.954471841887E-02      4.761301474643E-02      3.139163770583E-01      1.013839238717E-03
     -1.460000000000E+00      1.835542829397E-01      1.033818642854E-01      7.968909588340E-02      6.903630335551E-02      6.279851633771E-02      5.849303319399E-02      5.520408949697E-02      5.252656655043E-02      5.025495527345E-02      4.827351748744E-02      3.160026430371E-01      1.005378270919E-03
     -1.470000000000E+00      1.858160001554E-01      1.051280388202E-01      8.107486340575E-02      7.020767720832E-02      6.382781809584E-02      5.941776279369E-02      5.604606140589E-02      5.329999490335E-02      5.096998406819E-02      4.893788167569E-02      3.180906295188E-01      9.964743756101E-04
     -1.480000000000E+00      1.880922281813E-01      1.068950826344E-01      8.247864209756E-02      7.139349359079E-02      6.486863596058E-02      6.035172025604E-02      5.689545719871E-02      5.407940676114E-02      5.168983727326E-02      4.960613464379E-02      3.201804957517E-01      9.871249076161E-04
     -1.490000000000E+00      1.903831179534E-01      1.086832389272E-01      8.390068284036E-02      7.259395291788E-02      6.592111479117E-02      6.129500656230E-02      5.775234728268E-02      5.486485300864E-02      5.241455464248E-02      5.027831111267E-02      3.222724149755E-01      9.773267872051E-04
     -1.500000000000E+00      1.926888219274E-01      1.104927493831E-01      8.534123714971E-02      7.380925782796E-02      6.698540247523E-02      6.224772634783E-02      5.861680641645E-02      5.565638965630E-02      5.314418183399E-02      5.095445241665E-02      3.243665632781E-01      9.670769638395E-04
     -1.510000000000E+00      1.950095144216E-01      1.123238766448E-01      8.680057525289E-02      7.503962715068E-02      6.806166074473E-02      6.320999629119E-02      5.948892018677E-02      5.645408278534E-02      5.387877411929E-02      5.163460921352E-02      3.264631302822E-01      9.563735130196E-04
     -1.520000000000E+00      1.973453761244E-01      1.141768858070E-01      8.827897132264E-02      7.628528513561E-02      6.915005754259E-02      6.418193986889E-02      6.036878159553E-02      5.725800654358E-02      5.461839545019E-02      5.231884134557E-02      3.285623110025E-01      9.452123048543E-04
     -1.530000000000E+00      1.996966072428E-01      1.160520587053E-01      8.977671503202E-02      7.754646986643E-02      7.025077290584E-02      6.516369130719E-02      6.125649354667E-02      5.806824452764E-02      5.536311902022E-02      5.300721780873E-02      3.306643186205E-01      9.335909480255E-04
     -1.540000000000E+00      2.020634167387E-01      1.179496822300E-01      9.129410232931E-02      7.882342676202E-02      7.136399464307E-02      6.615539292623E-02      6.215216747270E-02      5.888488939633E-02      5.611302762800E-02      5.369981767100E-02      3.327693745617E-01      9.215075146649E-04
     -1.550000000000E+00      2.044460401510E-01      1.198700675775E-01      9.283145094784E-02      8.011642075749E-02      7.248992796267E-02      6.715720275085E-02      6.305592929184E-02      5.970804743837E-02      5.686821705847E-02      5.439673243066E-02      3.348777183621E-01      9.089588375790E-04
     -1.560000000000E+00      2.068447183978E-01      1.218135268670E-01      9.438908169105E-02      8.142572199564E-02      7.362878456707E-02      6.816928627428E-02      6.396791333716E-02      6.053783429686E-02      5.762879331247E-02      5.509806451307E-02      3.369895942885E-01      8.959429889281E-04
     -1.570000000000E+00      2.092597165217E-01      1.237803924465E-01      9.596733435533E-02      8.275161864666E-02      7.478079309077E-02      6.919182500217E-02      6.488826932947E-02      6.137438060294E-02      5.839487707990E-02      5.580393072947E-02      3.391052663939E-01      8.824567826053E-04
     -1.580000000000E+00      2.116913267222E-01      1.257710211040E-01      9.756657091447E-02      8.409441912792E-02      7.594620053693E-02      7.022501726711E-02      6.581716269819E-02      6.221783190268E-02      5.916660334974E-02      5.651446163060E-02      3.412250197178E-01      8.684991090067E-04
     -1.590000000000E+00      2.141398602353E-01      1.277857836846E-01      9.918716752164E-02      8.545444663503E-02      7.712526882726E-02      7.126907633622E-02      6.675477389851E-02      6.306834891934E-02      5.994412240964E-02      5.722980307705E-02      3.433491523372E-01      8.540659231615E-04
     -1.600000000000E+00      2.166056485028E-01      1.298250669390E-01      1.008295162007E-01      8.683204101332E-02      7.831827687098E-02      7.232423260418E-02      6.770130065141E-02      6.392610977465E-02      6.072760199465E-02      5.795011827279E-02      3.454779784931E-01      8.391568018666E-04
     -1.610000000000E+00      2.190890585434E-01      1.318892874777E-01      1.024940360121E-01      8.822756693982E-02      7.952552632384E-02      7.339073745285E-02      6.865696030842E-02      6.479131117303E-02      6.151722754161E-02      5.867558729471E-02      3.476118436693E-01      8.237695769986E-04
     -1.620000000000E+00      2.215904869041E-01      1.339788894675E-01      1.041811719110E-01      8.964141400858E-02      8.074734267318E-02      7.446886507618E-02      6.962199220180E-02      6.566417110726E-02      6.231320511503E-02      5.940641013103E-02      3.497511098260E-01      8.079024711587E-04
     -1.630000000000E+00      2.241103557049E-01      1.360943329559E-01      1.058913851460E-01      9.107399039965E-02      8.198407167218E-02      7.555891103483E-02      7.059665779062E-02      6.654493018589E-02      6.311576359711E-02      6.014280948458E-02      3.518961664843E-01      7.915563203489E-04
     -1.640000000000E+00      2.266491261569E-01      1.382361172193E-01      1.076251724361E-01      9.252573653279E-02      8.323608836986E-02      7.666119763901E-02      7.158124317449E-02      6.743385188629E-02      6.392515316470E-02      6.088502786728E-02      3.540474149633E-01      7.747252425503E-04
     -1.650000000000E+00      2.292073066103E-01      1.404047804258E-01      1.093830661581E-01      9.399712707907E-02      8.450380079250E-02      7.777607891844E-02      7.257606500459E-02      6.833122912552E-02      6.474165229800E-02      6.163333487269E-02      3.562053065823E-01      7.574108890864E-04
     -1.660000000000E+00      2.317854460557E-01      1.426008961295E-01      1.111656317270E-01      9.548866896324E-02      8.578764836767E-02      7.890393931925E-02      7.358146934934E-02      6.923738322609E-02      6.556556680207E-02      6.238802622691E-02      3.583703181120E-01      7.396129433155E-04
     -1.670000000000E+00      2.343841379681E-01      1.448250757931E-01      1.129734701341E-01      9.700090439526E-02      8.708810541256E-02      8.004519746497E-02      7.459783554800E-02      7.015266772101E-02      6.639723346222E-02      6.314942722652E-02      3.605429583038E-01      7.213305281515E-04
     -1.680000000000E+00      2.370040287468E-01      1.470779767501E-01      1.148072245234E-01      9.853441633485E-02      8.840568576444E-02      8.120031011981E-02      7.562557961532E-02      7.107747128500E-02      6.723702257704E-02      6.391789494282E-02      3.627237759576E-01      7.025641546470E-04
     -1.690000000000E+00      2.396458324080E-01      1.493603203908E-01      1.166675957649E-01      1.000898408596E-01      8.974095244846E-02      8.236977969910E-02      7.666516002743E-02      7.201222213512E-02      6.808534124534E-02      6.469382061783E-02      3.649133649818E-01      6.833145034206E-04
     -1.700000000000E+00      2.423103206269E-01      1.516728772755E-01      1.185553307439E-01      1.016678599206E-01      9.109451420845E-02      8.355415362882E-02      7.771707910840E-02      7.295739082795E-02      6.894263711225E-02      6.547763401619E-02      3.671123623243E-01      6.635834494788E-04
     -1.710000000000E+00      2.449983423754E-01      1.540164898433E-01      1.204712412715E-01      1.032692160909E-01      9.246703684432E-02      8.475403297305E-02      7.878188948845E-02      7.391349497143E-02      6.980940167718E-02      6.626980561329E-02      3.693214583042E-01      6.433736109712E-04
     -1.720000000000E+00      2.477108283709E-01      1.563920703910E-01      1.224162034969E-01      1.048947137881E-01      9.385924590190E-02      8.597007621689E-02      7.986019867777E-02      7.488110436982E-02      7.068617585801E-02      6.707085247796E-02      3.715414105805E-01      6.226858928957E-04
     -1.730000000000E+00      2.504487929846E-01      1.588006152784E-01      1.243911698459E-01      1.065452293453E-01      9.527193530442E-02      8.720300660807E-02      8.095267517169E-02      7.586084592762E-02      7.157355373462E-02      6.788134090479E-02      3.737730149625E-01      6.015253523044E-04
     -1.740000000000E+00      2.532133586231E-01      1.612432159079E-01      1.263971789267E-01      1.082217198712E-01      9.670597535000E-02      8.845361943277E-02      8.206005510526E-02      7.685340978419E-02      7.247218827767E-02      6.870189186132E-02      3.760171633977E-01      5.798970301565E-04
     -1.750000000000E+00      2.560057579300E-01      1.637210692581E-01      1.284353655321E-01      1.099252328294E-01      9.816232186897E-02      8.972279069113E-02      8.318315038841E-02      7.785955687433E-02      7.338279832674E-02      6.953318739538E-02      3.782748137041E-01      5.578073832351E-04
     -1.760000000000E+00      2.588273526246E-01      1.662354983137E-01      1.305069780490E-01      1.116569203179E-01      9.964202796618E-02      9.101148673122E-02      8.432285653157E-02      7.888012518954E-02      7.430617350647E-02      7.037597440815E-02      3.805470059401E-01      5.352632946014E-04
     -1.770000000000E+00      2.616796364936E-01      1.687879409528E-01      1.326133714527E-01      1.134180385608E-01      1.011462490913E-01      9.232077352698E-02      8.548016494032E-02      7.991604417928E-02      7.524319007159E-02      7.123108147102E-02      3.828348872696E-01      5.122748781941E-04
     -1.780000000000E+00      2.645642813807E-01      1.713800075539E-01      1.347560529044E-01      1.152099792103E-01      1.026762623336E-01      9.365182668987E-02      8.665616593489E-02      8.096833257661E-02      7.619480493122E-02      7.209941012141E-02      3.851397229487E-01      4.888536450118E-04
     -1.790000000000E+00      2.674831053376E-01      1.740134536657E-01      1.369366672429E-01      1.170342689366E-01      1.042334775269E-01      9.500595070623E-02      8.785207318599E-02      8.203812579850E-02      7.716208440848E-02      7.298196387123E-02      3.874628666353E-01      4.650141285509E-04
     -1.800000000000E+00      2.704381671177E-01      1.766902715029E-01      1.391570688778E-01      1.188926196447E-01      1.058194694441E-01      9.638459763898E-02      8.906923280034E-02      8.312667843171E-02      7.814620240285E-02      7.387984373487E-02      3.898058307804E-01      4.407712654535E-04
     -1.810000000000E+00      2.734317401926E-01      1.794126553880E-01      1.414192968900E-01      1.207869172017E-01      1.074359782499E-01      9.778937615958E-02      9.030913811294E-02      8.423538261559E-02      7.914846078982E-02      7.479426953928E-02      3.921702842208E-01      4.161483837835E-04
     -1.820000000000E+00      2.764663599241E-01      1.821830595593E-01      1.437256267367E-01      1.227192649324E-01      1.090849456417E-01      9.922208147074E-02      9.157345437486E-02      8.536578832978E-02      8.017030603279E-02      7.572659349313E-02      3.945580614056E-01      3.911702205852E-04
     -1.830000000000E+00      2.795448680961E-01      1.850042433331E-01      1.460786116354E-01      1.246920189741E-01      1.107685447388E-01      1.006847209889E-01      9.286404141042E-02      8.651962397967E-02      8.121334843313E-02      7.667831865327E-02      3.969712035295E-01      3.658686270755E-04
     -1.840000000000E+00      2.826704183280E-01      1.878792617165E-01      1.484810742767E-01      1.267077862816E-01      1.124891841502E-01      1.021795228686E-01      9.418296501547E-02      8.769880945767E-02      8.227937601970E-02      7.765111310129E-02      3.994119555690E-01      3.402770751970E-04
     -1.850000000000E+00      2.858466189000E-01      1.908116322565E-01      1.509362548634E-01      1.287695483740E-01      1.142496104658E-01      1.037090211341E-01      9.553256804002E-02      8.890551581144E-02      8.337040488890E-02      7.864685261596E-02      4.018828908811E-01      3.144500478163E-04
     -1.860000000000E+00      2.890774480785E-01      1.938052593977E-01      1.534477507651E-01      1.308806144327E-01      1.160528716024E-01      1.052760266883E-01      9.691544718469E-02      9.014214652453E-02      8.448866408124E-02      7.966760853719E-02      4.043867173091E-01      2.884267899836E-04
     -1.870000000000E+00      2.923674410463E-01      1.968645912227E-01      1.560196540350E-01      1.330447445627E-01      1.179024290958E-01      1.068837307503E-01      9.833454903064E-02      9.141142721171E-02      8.563667978878E-02      8.071572717422E-02      4.069265880539E-01      2.622803650798E-04
     -1.880000000000E+00      2.957217547838E-01      1.999947079901E-01      1.586566339156E-01      1.352662200732E-01      1.198022167012E-01      1.085357536204E-01      9.979321078989E-02      9.271643993210E-02      8.681730456321E-02      8.179385501903E-02      4.095060447541E-01      2.360936545260E-04
     -1.890000000000E+00      2.991462178934E-01      2.032013682444E-01      1.613639819536E-01      1.375498909669E-01      1.217566897937E-01      1.102361945051E-01      1.012952091810E-01      9.406067014080E-02      8.803376175357E-02      8.290498036817E-02      4.121290333641E-01      2.099664194710E-04
     -1.900000000000E+00      3.026474645258E-01      2.064911639838E-01      1.641477572368E-01      1.399013020666E-01      1.237709334771E-01      1.119897251006E-01      1.028448429167E-01      9.544808090177E-02      8.928971364219E-02      8.405249705106E-02      4.148000041011E-01      1.840218117115E-04
     -1.910000000000E+00      3.062330906903E-01      2.098716697228E-01      1.670149219427E-01      1.423268139443E-01      1.258507699926E-01      1.138016852119E-01      1.044470182204E-01      9.688318977857E-02      9.058933096099E-02      8.524026761510E-02      4.175239929908E-01      1.584141723421E-04
     -1.920000000000E+00      3.099118081271E-01      2.133515986909E-01      1.699734907307E-01      1.448337416851E-01      1.280028874261E-01      1.156782028699E-01      1.061073618180E-01      9.837117600372E-02      9.193739536677E-02      8.647272206223E-02      4.203067504839E-01      1.333336168421E-04
     -1.930000000000E+00      3.136936096335E-01      2.169410021479E-01      1.730327194603E-01      1.474305309049E-01      1.302350028105E-01      1.176263441591E-01      1.078323573275E-01      9.991800358212E-02      9.333940968435E-02      8.775495583719E-02      4.231547287440E-01      1.090182706402E-04
     -1.940000000000E+00      3.175900374280E-01      2.206515418470E-01      1.762033614017E-01      1.501269826821E-01      1.325560567068E-01      1.196542832601E-01      1.096294968436E-01      1.015305594807E-01      9.480172659381E-02      8.909285189457E-02      4.260753020240E-01      8.577038373847E-05
     -1.950000000000E+00      3.216144907271E-01      2.244967935345E-01      1.794979492499E-01      1.529345069757E-01      1.349764393256E-01      1.217715049741E-01      1.115074637295E-01      1.032168200652E-01      9.633170149761E-02      9.049322224039E-02      4.290769292176E-01      6.397362540600E-05
     -1.960000000000E+00      3.257825111465E-01      2.284925887545E-01      1.829311581436E-01      1.558664892922E-01      1.375083524149E-01      1.239891573810E-01      1.134764737323E-01      1.049861795824E-01      9.793800800783E-02      9.196411048972E-02      4.321692627682E-01      4.411965060269E-05
     -1.970000000000E+00      3.301122545081E-01      2.326574144799E-01      1.865201352285E-01      1.589385453138E-01      1.401659990269E-01      1.263201907656E-01      1.155483759209E-01      1.068495233737E-01      9.963069114756E-02      9.351483068202E-02      4.353632846284E-01      2.683371485013E-05
     -1.980000000000E+00      3.346249007395E-01      2.370129734075E-01      1.902851031597E-01      1.621691127978E-01      1.429661470262E-01      1.287798873504E-01      1.177371475998E-01      1.088196888737E-01      1.014215962734E-01      9.515636638240E-02      4.386715656656E-01      1.294453080147E-05
     -1.990000000000E+00      3.393457371007E-01      2.415849403668E-01      1.942500637178E-01      1.655801291573E-01      1.459287848910E-01      1.313864974629E-01      1.200595129943E-01      1.109120686848E-01      1.033249579389E-01      9.690194628990E-02      4.421088176359E-01      3.527248813473E-06
     -2.000000000000E+00      3.443049095002E-01      2.464036305939E-01      1.984434868829E-01      1.691976001052E-01      1.490775509033E-01      1.341615466612E-01      1.225351526483E-01      1.131447443068E-01      1.053574756418E-01      9.876707553269E-02      4.456915152118E-01     -4.440892098501E-16
      0.000000000000E+00      8.295586439999E-11      6.034728272653E-12      4.525713137582E-12      4.023004152032E-12      3.771649659257E-12      3.620659327908E-12      3.519851077272E-12      3.448352714486E-12      3.394617920094E-12      3.352429445158E-12      3.443743815890E-06      1.986411035659E-12
#
#
# Calculation finished at  2022-10-16 07:24:04