# M=24, N=12, Vp=0.0, t=1.0, n=1, Vstart=-2.0, Vstop=0.0, Vnum=201, PBC
# start time 2022-10-16 02:17:39
#                       V#                 S1(n=1)#                 S2(n=1)                 S3(n=1)#                 S4(n=1)#                 S5(n=1)#                 S6(n=1)#                 S7(n=1)#                 S8(n=1)#                 S9(n=1)#                S10(n=1)#               S1/2(n=1)#               Sinf(n=1)
     -1.000000000000E-02      2.424612500951E-05      3.501818190976E-06      2.626365942948E-06      2.334545685212E-06      2.188634874223E-06      2.101087841933E-06      2.042722698103E-06      2.001032920251E-06      1.969765246024E-06      1.945445640139E-06      2.359792163763E-03      2.496896382986E-07
     -2.000000000000E-02      8.743600852679E-05      1.403645096465E-05      1.052737516538E-05      9.357637516860E-06      8.772757706499E-06      8.421821030780E-06      8.187855923047E-06      8.020731711245E-06      7.895383059342E-06      7.797884780558E-06      4.716583532856E-03      9.939850014185E-07
     -3.000000000000E-02      1.842625577968E-04      3.164803128319E-05      2.373621126628E-05      2.109870520295E-05      1.977989619384E-05      1.898856601157E-05      1.846097524227E-05      1.808409271042E-05      1.780140282692E-05      1.758150804276E-05      7.070395075393E-03      2.225733062744E-06
     -4.000000000000E-02      3.119605249728E-04      5.638111641115E-05      4.228643336157E-05      3.758746604321E-05      3.523780432912E-05      3.382786488126E-05      3.288778656918E-05      3.221620033811E-05      3.171242166067E-05      3.132051468668E-05      9.421239561236E-03      3.937770976847E-06
     -5.000000000000E-02      4.686324568688E-04      8.828070010125E-05      6.621198643986E-05      5.885393269223E-05      5.517446829950E-05      5.296643974351E-05      5.149412911765E-05      5.044222874995E-05      4.965308480331E-05      4.903911181220E-05      1.176913047111E-02      6.122928002839E-06
     -6.000000000000E-02      6.528383020106E-04      1.273922171414E-04      9.554720601024E-05      8.492841581065E-05      7.961810757173E-05      7.643119240219E-05      7.430597380642E-05      7.278743900052E-05      7.164808159299E-05      7.076150914376E-05      1.411408142937E-02      8.774026168279E-06
     -7.000000000000E-02      8.634220330888E-04      1.737615460984E-04      1.303268214312E-04      1.158415255178E-04      1.085971748078E-04      1.042492029040E-04      1.013494205035E-04      9.927717504743E-05      9.772214025627E-05      9.651191264215E-05      1.645610599154E-02      1.188388064000E-05
     -8.000000000000E-02      1.099421356392E-03      2.274350123486E-04      1.705859594856E-04      1.516241730308E-04      1.421403559210E-04      1.364477281789E-04      1.326506953454E-04      1.299368597949E-04      1.279000227155E-04      1.263145180985E-04      1.879521759618E-02      1.544530119535E-05
     -9.000000000000E-02      1.360014568631E-03      2.884593918999E-04      2.163601485798E-04      1.923075728247E-04      1.802765705841E-04      1.730542010803E-04      1.682361484052E-04      1.647919914562E-04      1.622065196796E-04      1.601935049913E-04      2.113142958166E-02      1.945108884094E-05
     -1.000000000000E-01      1.644486597767E-03      3.568819142985E-04      2.676853222883E-04      2.379232441814E-04      2.230349721200E-04      2.140962287993E-04      2.081322507244E-04      2.038681392542E-04      2.006664450662E-04      1.981730296490E-04      2.346475520016E-02      2.389404070069E-05
     -1.100000000000E-01      1.952205995165E-03      4.327502700843E-04      3.245978263458E-04      2.885030157631E-04      2.704449501949E-04      2.596015939300E-04      2.523655938842E-04      2.471909415891E-04      2.433046328112E-04      2.402772207528E-04      2.579520767922E-02      2.876694575393E-05
     -1.200000000000E-01      2.282608594981E-03      5.161126109856E-04      3.871344202229E-04      3.440790253451E-04      3.225361289290E-04      3.095982511017E-04      3.009628852380E-04      2.947860999205E-04      2.901459294402E-04      2.865301706252E-04      2.812280021415E-02      3.406259442196E-05
     -1.300000000000E-01      2.635185459900E-03      6.070175397292E-04      4.553322709477E-04      4.046837126235E-04      3.793383584720E-04      3.641143172985E-04      3.539509369750E-04      3.466793665758E-04      3.412151806379E-04      3.369559205706E-04      3.044754547316E-02      3.977376184006E-05
     -1.400000000000E-01      3.009473943480E-03      7.055141486827E-04      5.292289835945E-04      4.703498445635E-04      4.408817370409E-04      4.231780913790E-04      4.113566835242E-04      4.028965602845E-04      3.965372450638E-04      3.915784730868E-04      3.276945659153E-02      4.589322362536E-05
     -1.500000000000E-01      3.405050525449E-03      8.116519872816E-04      6.088625783884E-04      5.411104932849E-04      5.071965884262E-04      4.868180308204E-04      4.732071573570E-04      4.634635409415E-04      4.561369680278E-04      4.504217644232E-04      3.508854635029E-02      5.241374951437E-05
     -1.600000000000E-01      3.821525345037E-03      9.254810889034E-04      6.942715124354E-04      6.169990535589E-04      5.783134765780E-04      5.550627639987E-04      5.395294992803E-04      5.284062181090E-04      5.200391883298E-04      5.135096698567E-04      3.740482758312E-02      5.932811742682E-05
     -1.700000000000E-01      4.258537697405E-03      1.047051963005E-03      7.854946754353E-04      6.980492371542E-04      6.542631984474E-04      6.279410815737E-04      6.103509483943E-04      5.977505395753E-04      5.882687254499E-04      5.808659895385E-04      3.971831292764E-02      6.662908274802E-05
     -1.800000000000E-01      4.715752416288E-03      1.176415604121E-03      8.825713980825E-04      7.842950784158E-04      7.350767873131E-04      7.054819378802E-04      6.856988417363E-04      6.715224893639E-04      6.608503760055E-04      6.525144434644E-04      4.202901503509E-02      7.430941438002E-05
     -1.900000000000E-01      5.192856861636E-03      1.313623493952E-03      9.855414553228E-04      8.757709352376E-04      8.207855117393E-04      7.877144480957E-04      7.656006097752E-04      7.497480816476E-04      7.378089061505E-04      7.284786624200E-04      4.433694644209E-02      8.236186691102E-05
     -2.000000000000E-01      5.689558410161E-03      1.458727605031E-03      1.094445070831E-03      9.725114910855E-04      9.114208754673E-04      8.746678862526E-04      8.500837726957E-04      8.324533553994E-04      8.191690446719E-04      8.087821795768E-04      4.664211964563E-02      9.077919314215E-05
     -2.100000000000E-01      6.205582363922E-03      1.611780413560E-03      1.209322928412E-03      1.074551763118E-03      1.007014622968E-03      9.663716886350E-04      9.391759418649E-04      9.196643740785E-04      9.049554809950E-04      8.934484269094E-04      4.894454715768E-02      9.955417755236E-05
     -2.200000000000E-01      6.740670009543E-03      1.772834856791E-03      1.330216141826E-03      1.181927073387E-03      1.107598710393E-03      1.062855423971E-03      1.032904789038E-03      1.011407193735E-03      9.951928321419E-04      9.825007009825E-04      5.124424105421E-02      1.086795465199E-04
     -2.300000000000E-01      7.294577313206E-03      1.941944418419E-03      1.457166320731E-03      1.294673105276E-03      1.213205356232E-03      1.164148839965E-03      1.131298089611E-03      1.107707903484E-03      1.089905680755E-03      1.075962198761E-03      5.354121376007E-02      1.181480568730E-04
     -2.400000000000E-01      7.867073412205E-03      2.119163075690E-03      1.590215532884E-03      1.412825867841E-03      1.323867005736E-03      1.270281827122E-03      1.234383685544E-03      1.208592587387E-03      1.189118535867E-03      1.173855977236E-03      5.583547754930E-02      1.279524759070E-04
     -2.500000000000E-01      8.457939440338E-03      2.304545297613E-03      1.729406304740E-03      1.536421694226E-03      1.439616327189E-03      1.381284413097E-03      1.342189477922E-03      1.314087315318E-03      1.292855822139E-03      1.276204941115E-03      5.812704449132E-02      1.380855577491E-04
     -2.600000000000E-01      9.066967629090E-03      2.498146092785E-03      1.874781659331E-03      1.665497273028E-03      1.560486238910E-03      1.497186786366E-03      1.454743447846E-03      1.424218161410E-03      1.401141896127E-03      1.383031857076E-03      6.041592677613E-02      1.485400584045E-04
     -2.700000000000E-01      9.693960290718E-03      2.700020969845E-03      2.026385088624E-03      1.800089621585E-03      1.686509881911E-03      1.618019267849E-03      1.572073626853E-03      1.539011173218E-03      1.514001014141E-03      1.494359320345E-03      6.270213642992E-02      1.593087402254E-04
     -2.800000000000E-01      1.033872909118E-02      2.910225965576E-03      2.184260576693E-03      1.940236104239E-03      1.817720634544E-03      1.743812322662E-03      1.694208106183E-03      1.658492378753E-03      1.631457337258E-03      1.610209757821E-03      6.498568546421E-02      1.703843565495E-04
     -2.900000000000E-01      1.100109434477E-02      3.128817650053E-03      2.348452605717E-03      2.085974435330E-03      1.954152112788E-03      1.874596558076E-03      1.821175032619E-03      1.782687780364E-03      1.753534923362E-03      1.730605418408E-03      6.726658587609E-02      1.817596769347E-04
     -3.000000000000E-01      1.168088430644E-02      3.355853099158E-03      2.519006137525E-03      2.237342660513E-03      2.095838150275E-03      2.010402702046E-03      1.953002585492E-03      1.911623330232E-03      1.880257701167E-03      1.855568345595E-03      6.954484954144E-02      1.934274717308E-04
     -3.100000000000E-01      1.237793471641E-02      3.591389942177E-03      2.695966651544E-03      2.394379187955E-03      2.242812824790E-03      2.151261626128E-03      2.089718996599E-03      2.045324947662E-03      2.011649485154E-03      1.985120390264E-03      7.182048833139E-02      2.053805187248E-04
     -3.200000000000E-01      1.309208825827E-02      3.835486352317E-03      2.879380140014E-03      2.557122781675E-03      2.395110449398E-03      2.297204334524E-03      2.231352537297E-03      2.183818504342E-03      2.147733959104E-03      2.119283192594E-03      7.409351418988E-02      2.176115972912E-04
     -3.300000000000E-01      1.382319398412E-02      4.088201004603E-03      3.069293078637E-03      2.725612533070E-03      2.552765543102E-03      2.448261933494E-03      2.377931486524E-03      2.327129790944E-03      2.288534641283E-03      2.258078145872E-03      7.636393876910E-02      2.301134875871E-04
     -3.400000000000E-01      1.457110710286E-02      4.349593161494E-03      3.265752493326E-03      2.899887917482E-03      2.715812880867E-03      2.604465676583E-03      2.529484172193E-03      2.475284555262E-03      2.434074919744E-03      2.401526429266E-03      7.863177388002E-02      2.428789589026E-04
     -3.500000000000E-01      1.533568848633E-02      4.619722629410E-03      3.468805929973E-03      3.079988764859E-03      2.884287463329E-03      2.765846933016E-03      2.686038938124E-03      2.628308467667E-03      2.584378016329E-03      2.549648970440E-03      8.089703139880E-02      2.559008564842E-04
     -3.600000000000E-01      1.611680427331E-02      4.898649743394E-03      3.678501445426E-03      3.265955249180E-03      3.058224504026E-03      2.932437172801E-03      2.847624127161E-03      2.786227102347E-03      2.739466966158E-03      2.702466423406E-03      8.315972293532E-02      2.691719641850E-04
     -3.700000000000E-01      1.691432567030E-02      5.186435416919E-03      3.894887647482E-03      3.457827921184E-03      3.237659456913E-03      3.104267990260E-03      3.014268101381E-03      2.949065954656E-03      2.899364632444E-03      2.859999181069E-03      8.541986018015E-02      2.826850783704E-04
     -3.800000000000E-01      1.772812866048E-02      5.483141143705E-03      4.118013698892E-03      3.655647709168E-03      3.422628014001E-03      3.281371098909E-03      3.185999234514E-03      3.116850431295E-03      3.064093694626E-03      3.022267361503E-03      8.767745504727E-02      2.964330701301E-04
     -3.900000000000E-01      1.855809354658E-02      5.788828926102E-03      4.347929266159E-03      3.859455871010E-03      3.613166057492E-03      3.463778282888E-03      3.362845862357E-03      3.289605799590E-03      3.233676596503E-03      3.189290754950E-03      8.993251897824E-02      3.104087005701E-04
     -4.000000000000E-01      1.940410485929E-02      6.103561336948E-03      4.584684568803E-03      4.069294034950E-03      3.809309694599E-03      3.651521427284E-03      3.544836309410E-03      3.467357210987E-03      3.408135566976E-03      3.361088842160E-03      9.218506347267E-02      3.246048855718E-04
     -4.100000000000E-01      2.026605125882E-02      6.427401578647E-03      4.828330426593E-03      4.285204238480E-03      4.011095290474E-03      3.844632546512E-03      3.731998913544E-03      3.650129722537E-03      3.587492638763E-03      3.537680810640E-03      9.443510032540E-02      3.390144529671E-04
     -4.200000000000E-01      2.114382516205E-02      6.760413419945E-03      5.078918214949E-03      4.507228886013E-03      4.218559425346E-03      4.043143740302E-03      3.924361980622E-03      3.837948250132E-03      3.771769600283E-03      3.719085505280E-03      9.668264128553E-02      3.536302837155E-04
     -4.300000000000E-01      2.203732246179E-02      7.102661156519E-03      5.336499838074E-03      4.735410722364E-03      4.431738866493E-03      4.247087163941E-03      4.121953753023E-03      4.030837535387E-03      3.960987961028E-03      3.905321392366E-03      9.892769785294E-02      3.684452681472E-04
     -4.400000000000E-01      2.294644263858E-02      7.454209748284E-03      5.601127835420E-03      4.969792923621E-03      4.650670649169E-03      4.456495102075E-03      4.324802477861E-03      4.228822209237E-03      4.155169011232E-03      4.096406615838E-03      1.011702818065E-01      3.834522840815E-04
     -4.500000000000E-01      2.387108822882E-02      7.815124655426E-03      5.872855261222E-03      5.210418987887E-03      4.875391971379E-03      4.671399865201E-03      4.532936304180E-03      4.431926689370E-03      4.354333719288E-03      4.292358894622E-03      1.034104046288E-01      3.986442554078E-04
     -4.600000000000E-01      2.481116501323E-02      8.185471997483E-03      6.151735807511E-03      5.457332840840E-03      5.105940288477E-03      4.891833876538E-03      4.746383363837E-03      4.640175256206E-03      4.558502803629E-03      4.493195591000E-03      1.056480780730E-01      4.140141106932E-04
     -4.700000000000E-01      2.576658163838E-02      8.565318451576E-03      6.437823730645E-03      5.710578767747E-03      5.342353246076E-03      5.117829604615E-03      4.965171703345E-03      4.853591983851E-03      4.767696662779E-03      4.698933639830E-03      1.078833137748E-01      4.295548002688E-04
     -4.800000000000E-01      2.673724960753E-02      8.954731313729E-03      6.731173900785E-03      5.970201453977E-03      5.584668713903E-03      5.349419592062E-03      5.189329308546E-03      5.072200761320E-03      4.981935393632E-03      4.909589564321E-03      1.101161234438E-01      4.452592915691E-04
     -4.900000000000E-01      2.772308317016E-02      9.353778511727E-03      7.031841814962E-03      6.236245993231E-03      5.832924789400E-03      5.586636455378E-03      5.418884101131E-03      5.296025286251E-03      5.201238782754E-03      5.125179465253E-03      1.123465188992E-01      4.611205691694E-04
     -5.000000000000E-01      2.872399901688E-02      9.762528516104E-03      7.339883533453E-03      6.508757828565E-03      6.087159739213E-03      5.829512825929E-03      5.653863878849E-03      5.525089004292E-03      5.425626245016E-03      5.345718959016E-03      1.145745117876E-01      4.771316329095E-04
     -5.100000000000E-01      2.973991645346E-02      1.018105048713E-02      7.655355794250E-03      6.787782849587E-03      6.347412085005E-03      6.078081427526E-03      5.894296386642E-03      5.759415174938E-03      5.655116884978E-03      5.571223235194E-03      1.168001140055E-01      4.932855341151E-04
     -5.200000000000E-01      3.077075688758E-02      1.060941406654E-02      7.978315858921E-03      7.073367253637E-03      6.613720470586E-03      6.332374946543E-03      6.140209188465E-03      5.999026744477E-03      5.889729370709E-03      5.801706931190E-03      1.190233371605E-01      5.095752869861E-04
     -5.300000000000E-01      3.181644432575E-02      1.104768968820E-02      8.308821751556E-03      7.365557752656E-03      6.886123849522E-03      6.592426206263E-03      6.391629831620E-03      6.243946502297E-03      6.129482083457E-03      6.037184276305E-03      1.212441933528E-01      5.259939701681E-04
     -5.400000000000E-01      3.287690467902E-02      1.149594827696E-02      8.646932035000E-03      7.664401373227E-03      7.164661295562E-03      6.858267983165E-03      6.648585666877E-03      6.494196903857E-03      6.374392942957E-03      6.277668919155E-03      1.234626943130E-01      5.425346696795E-04
     -5.500000000000E-01      3.395206612509E-02      1.195426147281E-02      8.992705983396E-03      7.969945604276E-03      7.449372134552E-03      7.129933127642E-03      6.911103960543E-03      6.749800175739E-03      6.624479506643E-03      6.523174021957E-03      1.256788521594E-01      5.591905525808E-04
     -5.600000000000E-01      3.504185877505E-02      1.242270151395E-02      9.346203498830E-03      8.282238320990E-03      7.740295869984E-03      7.407454489861E-03      7.179211820262E-03      7.010778241324E-03      6.879758895318E-03      6.773712186384E-03      1.278926790355E-01      5.759547315081E-04
     -5.700000000000E-01      3.614621448035E-02      1.290134117254E-02      9.707485065850E-03      8.601327741206E-03      8.037472137831E-03      7.690864872670E-03      7.452936146096E-03      7.277152670309E-03      7.140247741412E-03      7.029295400907E-03      1.301041868193E-01      5.928204129400E-04
     -5.800000000000E-01      3.726506727327E-02      1.339025403374E-02      1.007661196677E-02      8.927262610532E-03      8.340940872801E-03      7.980197184609E-03      7.732303773420E-03      7.548944813484E-03      7.405962317054E-03      7.289935163264E-03      1.323133878557E-01      6.097807888290E-04
     -5.900000000000E-01      3.839835280372E-02      1.388951423335E-02      1.045364608780E-02      9.260092029065E-03      8.650742143613E-03      8.275484279984E-03      8.017341316235E-03      7.826175648585E-03      7.676918382207E-03      7.555642330830E-03      1.345202944079E-01      6.268290846365E-04
     -6.000000000000E-01      3.954600846550E-02      1.439919656929E-02      1.083865000753E-02      9.599865525349E-03      8.966916216361E-03      8.576759014381E-03      8.308075216588E-03      8.108865824828E-03      7.953131225253E-03      7.826427158049E-03      1.367249188121E-01      6.439585683693E-04
     -6.100000000000E-01      4.070797321569E-02      1.491937643258E-02      1.123168694913E-02      9.946633010644E-03      9.289503507145E-03      8.884054195345E-03      8.604531693471E-03      8.397035610388E-03      8.234615609462E-03      8.102299242319E-03      1.389272734439E-01      6.611625684396E-04
     -6.200000000000E-01      4.188418764139E-02      1.545012987765E-02      1.163282083784E-02      1.030044482613E-02      9.618544620951E-03      9.197402614985E-03      8.906736770602E-03      8.690704916410E-03      8.521385794091E-03      8.383267542922E-03      1.411273708086E-01      6.784343685129E-04
     -6.300000000000E-01      4.307459398691E-02      1.599153367780E-02      1.204211634778E-02      1.066135177972E-02      9.954080380038E-03      9.516837071837E-03      9.214716293139E-03      8.989893309621E-03      8.813455543762E-03      8.669340387934E-03      1.433252236529E-01      6.957673580934E-04
     -6.400000000000E-01      4.427913605115E-02      1.654366530567E-02      1.245963889205E-02      1.102940513376E-02      1.029615180728E-02      9.842390350483E-03      9.528495904318E-03      9.294619986681E-03      9.110838101188E-03      8.960525445941E-03      1.455208447781E-01      7.131548732682E-04
     -6.500000000000E-01      4.549775891840E-02      1.710660280240E-02      1.288545452821E-02      1.140465651898E-02      1.064480004186E-02      1.017409513760E-02      9.848100961651E-03      9.604903690688E-03      9.413546104283E-03      9.256829644165E-03      1.477142470542E-01      7.305904464050E-04
     -6.600000000000E-01      4.673040890714E-02      1.768042476721E-02      1.331962995555E-02      1.178715792812E-02      1.100006632773E-02      1.051198400610E-02      1.017355651762E-02      9.920762689266E-03      9.721591562425E-03      9.558259143589E-03      1.499054436115E-01      7.480675856799E-04
     -6.700000000000E-01      4.797703400117E-02      1.826521066813E-02      1.376223275510E-02      1.217696192222E-02      1.136199219822E-02      1.085608958452E-02      1.050488747773E-02      1.024221492368E-02      1.003498599843E-02      9.864819475237E-03      1.520944474624E-01      7.655797472816E-04
     -6.800000000000E-01      4.923758351516E-02      1.886104064897E-02      1.421333124935E-02      1.257412150335E-02      1.173061935237E-02      1.120644443475E-02      1.084211847890E-02      1.056927788805E-02      1.035374032883E-02      1.017651542189E-02      1.542812721301E-01      7.831205180597E-04
     -6.900000000000E-01      5.051200767540E-02      1.946799531140E-02      1.467299434125E-02      1.297868997190E-02      1.210598951955E-02      1.156308092098E-02      1.118527376199E-02      1.090196850510E-02      1.067786474304E-02      1.049335090102E-02      1.564659308880E-01      8.006834787921E-04
     -7.000000000000E-01      5.180025820578E-02      2.008615609580E-02      1.514129180950E-02      1.339072117942E-02      1.248814468492E-02      1.192603141584E-02      1.153437736324E-02      1.124030330604E-02      1.100736887385E-02      1.081532912751E-02      1.586484374549E-01      8.182622887261E-04
     -7.100000000000E-01      5.310228818268E-02      2.071560521948E-02      1.561829426670E-02      1.381026948800E-02      1.287712704600E-02      1.229532825427E-02      1.188945306602E-02      1.158429838097E-02      1.134226174725E-02      1.114245256379E-02      1.608288058403E-01      8.358506194042E-04
     -7.200000000000E-01      5.441805126150E-02      2.135642522282E-02      1.610407282013E-02      1.423738947300E-02      1.327297873581E-02      1.267100346990E-02      1.225052414770E-02      1.193396913491E-02      1.168255154712E-02      1.147472269301E-02      1.630070496629E-01      8.534422260507E-04
     -7.300000000000E-01      5.574750337357E-02      2.200870004035E-02      1.659869989063E-02      1.467213662689E-02      1.367574245709E-02      1.305308938047E-02      1.261761392751E-02      1.228933080509E-02      1.202824610671E-02      1.181214048820E-02      1.651831838594E-01      8.710308872208E-04
     -7.400000000000E-01      5.709059977990E-02      2.267251320009E-02      1.710224785454E-02      1.511456618445E-02      1.408546040960E-02      1.344161758568E-02      1.299074481951E-02      1.265039756046E-02      1.237935204952E-02      1.215470559121E-02      1.673572220582E-01      8.886104961929E-04
     -7.500000000000E-01      5.844729833824E-02      2.334794987661E-02      1.761479060356E-02      1.556473446386E-02      1.450217550123E-02      1.383662008695E-02      1.336993938161E-02      1.301718349249E-02      1.273587573017E-02      1.250241720966E-02      1.695291791777E-01      9.061747591783E-04
     -7.600000000000E-01      5.981755735059E-02      2.403509554413E-02      1.813640253043E-02      1.602269798718E-02      1.492593054197E-02      1.423812853184E-02      1.375521959957E-02      1.338970193274E-02      1.309782258213E-02      1.285527349273E-02      1.716990702574E-01      9.237178580368E-04
     -7.700000000000E-01      6.120133619243E-02      2.473403642409E-02      1.866715887629E-02      1.648851377856E-02      1.535676851053E-02      1.464617445847E-02      1.414660711470E-02      1.376796566775E-02      1.346519732250E-02      1.321327172793E-02      1.738669104273E-01      9.412337369357E-04
     -7.800000000000E-01      6.259859526568E-02      2.544485945968E-02      1.920713571668E-02      1.696223934750E-02      1.579473253173E-02      1.506078926800E-02      1.454412319308E-02      1.415198690614E-02      1.383800391834E-02      1.357640830781E-02      1.760327150633E-01      9.587164181202E-04
     -7.900000000000E-01      6.400929587159E-02      2.616765225038E-02      1.975640991831E-02      1.744393264769E-02      1.623986583234E-02      1.548200417782E-02      1.494778867710E-02      1.454177722993E-02      1.421624553871E-02      1.394467868385E-02      1.781964997659E-01      9.761599958225E-04
     -8.000000000000E-01      6.543340054548E-02      2.690250327139E-02      2.031505931312E-02      1.793365222429E-02      1.669221186880E-02      1.590985033514E-02      1.535762408879E-02      1.493734769020E-02      1.459992464508E-02      1.431807745331E-02      1.803582808767E-01      9.935587398147E-04
     -8.100000000000E-01      6.687087216954E-02      2.764950136930E-02      2.088316232158E-02      1.843145688596E-02      1.715181402338E-02      1.634435852954E-02      1.577364935584E-02      1.533870854552E-02      1.498904274162E-02      1.469659812149E-02      1.825180739500E-01      1.010906701772E-03
     -8.200000000000E-01      6.832167502688E-02      2.840873639486E-02      2.146079844079E-02      1.893740612111E-02      1.761871597403E-02      1.678555952973E-02      1.619588412327E-02      1.574586955383E-02      1.538360065122E-02      1.508023336486E-02      1.846758955107E-01      1.028197882613E-03
     -8.300000000000E-01      6.978577406019E-02      2.918029869728E-02      2.204804786735E-02      1.945155977035E-02      1.809296139142E-02      1.723348379741E-02      1.662434748125E-02      1.615883971317E-02      1.578359826885E-02      1.546897479707E-02      1.868317634221E-01      1.045427435186E-03
     -8.400000000000E-01      7.126313543027E-02      2.996427966103E-02      2.264499191327E-02      1.997397838162E-02      1.857459425414E-02      1.768816177405E-02      1.705905823066E-02      1.657762751084E-02      1.618903479782E-02      1.586281319521E-02      1.889856945639E-01      1.062589365398E-03
     -8.500000000000E-01      7.275372542332E-02      3.076077084992E-02      2.325171236165E-02      2.050472265391E-02      1.906365833970E-02      1.814962340498E-02      1.750003443424E-02      1.700224049868E-02      1.659990834787E-02      1.626173811981E-02      1.911377062506E-01      1.079678182716E-03
     -8.600000000000E-01      7.425751217238E-02      3.156986522950E-02      2.386829240591E-02      2.104385423816E-02      1.956019793852E-02      1.861789879113E-02      1.794729402017E-02      1.743268585765E-02      1.701621646696E-02      1.666573841882E-02      1.932878169537E-01      1.096688443269E-03
     -8.700000000000E-01      7.577446355086E-02      3.239165573598E-02      2.449481556592E-02      2.159143480872E-02      2.006425701372E-02      1.909301741179E-02      1.840085405612E-02      1.786896971678E-02      1.743795550150E-02      1.707480162660E-02      1.954360445756E-01      1.113614754052E-03
     -8.800000000000E-01      7.730454944556E-02      3.322623686197E-02      2.513136690897E-02      2.214752710246E-02      2.057588012588E-02      1.957500896711E-02      1.886073152761E-02      1.831109787904E-02      1.786512127782E-02      1.748891460713E-02      1.975824084518E-01      1.130451816463E-03
     -8.900000000000E-01      7.884773996991E-02      3.407370338164E-02      2.577803207915E-02      2.271219408777E-02      2.109511168154E-02      2.006390268347E-02      1.932694269004E-02      1.875907521459E-02      1.829770853348E-02      1.790806302140E-02      1.997269281945E-01      1.147194502232E-03
     -9.000000000000E-01      8.040400509145E-02      3.493415018701E-02      2.643489718811E-02      2.328549887081E-02      2.162199584381E-02      2.055972722724E-02      1.979950298659E-02      1.921290558431E-02      1.873571084784E-02      1.833223126619E-02      2.018696225152E-01      1.163837546873E-03
     -9.100000000000E-01      8.197331670427E-02      3.580767367205E-02      2.710204987535E-02      2.386750559812E-02      2.215657733545E-02      2.106251143650E-02      2.027842772488E-02      1.967259247174E-02      1.917912123662E-02      1.876140303691E-02      2.040105114294E-01      1.180375537742E-03
     -9.200000000000E-01      8.355564772529E-02      3.669437105103E-02      2.777957879580E-02      2.445827901103E-02      2.269890102646E-02      2.157228393129E-02      2.076373170633E-02      2.013813863053E-02      1.962793181728E-02      1.919556101089E-02      2.061496170938E-01      1.196804289486E-03
     -9.300000000000E-01      8.515097124025E-02      3.759433992644E-02      2.846757330731E-02      2.505788418896E-02      2.324901170883E-02      2.208907291263E-02      2.125542904732E-02      2.060954592705E-02      2.008213367292E-02      1.963468673286E-02      2.082869602724E-01      1.213118530302E-03
     -9.400000000000E-01      8.675926111361E-02      3.850767860175E-02      2.916612370564E-02      2.566638673830E-02      2.380695425031E-02      2.261290628977E-02      2.175353328645E-02      2.108681543270E-02      2.054171693357E-02      2.007876068812E-02      2.104225625153E-01      1.229313400373E-03
     -9.500000000000E-01      8.838049229174E-02      3.943448631827E-02      2.987532142747E-02      2.628385296753E-02      2.437277374732E-02      2.314381181751E-02      2.225805751185E-02      2.156994754530E-02      2.100667089486E-02      2.052776242114E-02      2.125564466196E-01      1.245384185855E-03
     -9.600000000000E-01      9.001464015546E-02      4.037486282602E-02      3.059525872228E-02      2.691034960785E-02      2.494651527100E-02      2.368181686101E-02      2.276901414308E-02      2.205894178804E-02      2.147698383442E-02      2.098167036978E-02      2.146886353006E-01      1.261326202102E-03
     -9.700000000000E-01      9.166168187246E-02      4.132890934598E-02      3.132602940884E-02      2.754594445326E-02      2.552822442910E-02      2.422694890073E-02      2.328641539259E-02      2.255379723668E-02      2.195264341142E-02      2.144046224218E-02      2.168191530941E-01      1.277134979700E-03
     -9.800000000000E-01      9.332159437471E-02      4.229672711991E-02      3.206772776871E-02      2.819070542501E-02      2.611794653167E-02      2.477923477252E-02      2.381027256826E-02      2.305451187803E-02      2.243363607699E-02      2.190411447642E-02      2.189480240561E-01      1.292805982305E-03
     -9.900000000000E-01      9.499435453126E-02      4.327841744874E-02      3.282044857843E-02      2.884470059802E-02      2.671572660889E-02      2.533870067966E-02      2.434059608332E-02      2.356108262114E-02      2.291994708950E-02      2.237260226188E-02      2.210752722823E-01      1.308334739838E-03
     -1.000000000000E+00      9.667994180877E-02      4.427408376779E-02      3.358428872267E-02      2.950799956031E-02      2.732161060490E-02      2.590537326515E-02      2.487739643312E-02      2.407350619544E-02      2.341156134590E-02      2.284590031279E-02      2.232009242231E-01      1.323717036219E-03
     -1.010000000000E+00      9.837833609479E-02      4.528382994376E-02      3.435934591045E-02      3.018067233860E-02      2.793564442957E-02      2.647927875716E-02      2.542068341927E-02      2.459177844534E-02      2.390846274146E-02      2.332398228904E-02      2.253250074593E-01      1.338949050988E-03
     -1.020000000000E+00      1.000895171686E-01      4.630775996270E-02      3.514571841228E-02      3.086278917017E-02      2.855787374795E-02      2.706044277169E-02      2.597046596578E-02      2.511589416111E-02      2.441063401674E-02      2.380682066044E-02      2.274475482963E-01      1.354026297223E-03
     -1.030000000000E+00      1.018134667042E-01      4.734597938976E-02      3.594350621989E-02      3.155442148323E-02      2.918834483978E-02      2.764889108349E-02      2.652675282135E-02      2.564584772588E-02      2.491805735874E-02      2.429438726884E-02      2.295685749470E-01      1.368944124168E-03
     -1.040000000000E+00      1.035501664404E-01      4.839859383789E-02      3.675280987508E-02      3.225564091943E-02      2.982710374086E-02      2.824464885633E-02      2.708955186501E-02      2.618163248934E-02      2.543071383784E-02      2.478665282471E-02      2.316881176999E-01      1.383700344006E-03
     -1.050000000000E+00      1.052995997532E-01      4.946571046419E-02      3.757373163101E-02      3.296652030496E-02      3.047419708604E-02      2.884774139134E-02      2.765887078092E-02      2.672324138314E-02      2.594858397396E-02      2.528358743164E-02      2.338062062938E-01      1.398290351517E-03
     -1.060000000000E+00      1.070617504713E-01      5.054743677919E-02      3.840637454473E-02      3.368713289352E-02      3.112967144266E-02      2.945819352837E-02      2.823471651823E-02      2.727066643469E-02      2.647164730138E-02      2.578516019969E-02      2.359228720732E-01      1.412710511880E-03
     -1.070000000000E+00      1.088366025823E-01      5.164388058179E-02      3.925084245141E-02      3.441755235760E-02      3.179357330856E-02      3.007602965071E-02      2.881709530537E-02      2.782389879354E-02      2.699988240910E-02      2.629133930101E-02      2.380381461357E-01      1.426957051835E-03
     -1.080000000000E+00      1.106241422961E-01      5.275515142415E-02      4.010724108897E-02      3.515785372175E-02      3.246594991504E-02      3.070127439060E-02      2.940601327917E-02      2.838292929867E-02      2.753326745655E-02      2.680209244142E-02      2.401520626099E-01      1.441026891733E-03
     -1.090000000000E+00      1.124243559793E-01      5.388135910959E-02      4.097567696827E-02      3.590811243078E-02      3.314684841719E-02      3.133395191270E-02      3.000147584893E-02      2.894774791636E-02      2.807177968087E-02      2.731738643347E-02      2.422646548366E-01      1.454915345476E-03
     -1.100000000000E+00      1.142372314255E-01      5.502261442716E-02      4.185625794780E-02      3.666840483325E-02      3.383631631308E-02      3.197408628552E-02      3.060348803209E-02      2.951834404871E-02      2.861539568409E-02      2.783718746637E-02      2.443759606160E-01      1.468622048612E-03
     -1.110000000000E+00      1.160627576753E-01      5.617902940751E-02      4.274909344076E-02      3.743880836053E-02      3.453440159873E-02      3.262170161978E-02      3.121205458365E-02      3.009470666008E-02      2.916409156106E-02      2.836146123819E-02      2.464860159899E-01      1.482142414574E-03
     -1.120000000000E+00      1.179009240286E-01      5.735071622185E-02      4.365429358909E-02      3.821940085451E-02      3.524115219194E-02      3.327682156575E-02      3.182717955755E-02      3.067682389746E-02      2.971784257493E-02      2.889017268307E-02      2.485948588873E-01      1.495473609821E-03
     -1.130000000000E+00      1.197517209461E-01      5.853778792074E-02      4.457196983350E-02      3.901026103492E-02      3.595661632396E-02      3.393946964845E-02      3.244886659992E-02      3.126468335244E-02      3.027662339563E-02      2.942328619160E-02      2.507025285973E-01      1.508612819155E-03
     -1.140000000000E+00      1.216151400547E-01      5.974035856911E-02      4.550223506112E-02      3.981146866305E-02      3.668084271439E-02      3.460966945408E-02      3.307711914979E-02      3.185827227826E-02      3.084040833392E-02      2.996076586153E-02      2.528090653458E-01      1.521557277604E-03
     -1.150000000000E+00      1.234911757836E-01      6.095854410429E-02      4.644520422192E-02      4.062310499873E-02      3.741388090626E-02      3.528744487040E-02      3.371194060533E-02      3.245757769741E-02      3.140917140231E-02      3.050257552085E-02      2.549145139463E-01      1.534304505244E-03
     -1.160000000000E+00      1.253798216493E-01      6.219246009581E-02      4.740099272429E-02      4.144525157161E-02      3.815578029248E-02      3.597281931280E-02      3.435333372012E-02      3.306258594895E-02      3.198288599807E-02      3.104867853336E-02      2.570189172007E-01      1.546852328613E-03
     -1.170000000000E+00      1.272810729680E-01      6.344222316423E-02      4.836971743243E-02      4.227799096131E-02      3.890659074343E-02      3.666581623351E-02      3.500130101712E-02      3.367328302344E-02      3.256152517105E-02      3.159903800778E-02      2.591223206902E-01      1.559198350776E-03
     -1.180000000000E+00      1.291949277170E-01      6.470795208399E-02      4.935149759602E-02      4.312140757236E-02      3.966636326621E-02      3.736645969572E-02      3.565584530037E-02      3.428965502874E-02      3.314506205530E-02      3.215361720374E-02      2.612247725768E-01      1.571340296981E-03
     -1.190000000000E+00      1.311213839232E-01      6.598976542267E-02      5.034645303213E-02      4.397558619573E-02      4.043514882680E-02      3.807477339539E-02      3.631696884297E-02      3.491168752203E-02      3.373346932773E-02      3.271237910168E-02      2.633263222391E-01      1.583276535870E-03
     -1.200000000000E+00      1.330604421697E-01      6.728778368965E-02      5.135470580394E-02      4.484061336380E-02      4.121299947262E-02      3.879078160811E-02      3.698467419668E-02      3.553936620926E-02      3.432671981724E-02      3.327528693672E-02      2.654270214659E-01      1.595005116798E-03
     -1.210000000000E+00      1.350121026956E-01      6.860212677548E-02      5.237637825804E-02      4.571657579193E-02      4.199996705013E-02      3.951450811853E-02      3.765896329846E-02      3.617267620606E-02      3.492478590213E-02      3.384230371668E-02      2.675269228715E-01      1.606524410968E-03
     -1.220000000000E+00      1.369763706118E-01      6.993291842965E-02      5.341159650599E-02      4.660356322103E-02      4.279610560440E-02      4.024597828319E-02      3.833983926230E-02      3.681160360309E-02      3.552764088084E-02      3.441339342225E-02      2.696260840914E-01      1.617833604321E-03
     -1.230000000000E+00      1.389532498802E-01      7.128028110375E-02      5.446048644740E-02      4.750166521453E-02      4.360146870369E-02      4.098521675889E-02      3.902730444279E-02      3.745613381970E-02      3.613525758162E-02      3.498851984415E-02      2.717245612895E-01      1.628930320279E-03
     -1.240000000000E+00      1.409427478123E-01      7.264433967119E-02      5.552317669478E-02      4.841097355958E-02      4.441611147480E-02      4.173224926072E-02      3.972136197161E-02      3.810625295686E-02      3.674760955883E-02      3.556764764254E-02      2.738224155958E-01      1.639813936506E-03
     -1.250000000000E+00      1.429448739203E-01      7.402522045953E-02      5.659979782751E-02      4.933158167023E-02      4.524009010270E-02      4.248710213575E-02      4.042201539651E-02      3.876194749667E-02      3.736467084839E-02      3.615074215341E-02      2.759197105933E-01      1.650483579455E-03
     -1.260000000000E+00      1.449596390118E-01      7.542305054144E-02      5.769048185527E-02      5.026358422128E-02      4.607346159023E-02      4.324980222019E-02      4.112926861979E-02      3.942320431010E-02      3.798641603404E-02      3.673776950236E-02      2.780165109450E-01      1.660938648127E-03
     -1.270000000000E+00      1.469870555718E-01      7.683795741817E-02      5.879536200087E-02      5.120707693612E-02      4.691628352883E-02      4.402037659897E-02      4.184312565878E-02      4.009001042971E-02      3.861282004065E-02      3.732869642450E-02      2.801128861047E-01      1.671178278499E-03
     -1.280000000000E+00      1.490271421799E-01      7.827007391675E-02      5.991457655357E-02      5.216215980553E-02      4.776861688689E-02      4.479885506439E-02      4.256359283377E-02      4.076235500423E-02      3.924385988011E-02      3.792349181818E-02      2.822089087759E-01      1.681202381838E-03
     -1.290000000000E+00      1.510799139884E-01      7.971952872557E-02      6.104826148617E-02      5.312893112385E-02      4.863052103066E-02      4.558526589207E-02      4.329067516629E-02      4.144022623091E-02      3.987951205156E-02      3.852212455908E-02      2.843046516685E-01      1.691010550313E-03
     -1.300000000000E+00      1.531453927690E-01      8.118645577709E-02      6.219655784544E-02      5.410749352495E-02      4.950205880949E-02      4.637964019891E-02      4.402438014655E-02      4.212361462463E-02      4.051975537848E-02      3.912456595568E-02      2.864001937195E-01      1.700603155296E-03
     -1.310000000000E+00      1.552236054802E-01      8.267099299799E-02      6.335961069391E-02      5.509795306160E-02      5.038329572620E-02      4.718201118531E-02      4.476471704304E-02      4.281251239420E-02      4.116457045082E-02      3.973078925518E-02      2.884956179039E-01      1.709980224690E-03
     -1.320000000000E+00      1.573145760460E-01      8.417327425100E-02      6.453756302700E-02      5.610041454879E-02      5.127429629052E-02      4.799241125862E-02      4.551169464579E-02      4.350691169875E-02      4.181393831063E-02      4.034076868801E-02      2.905910082747E-01      1.719142429129E-03
     -1.330000000000E+00      1.594183382121E-01      8.569344178883E-02      6.573056536931E-02      5.711498911069E-02      5.217513010663E-02      4.881087700778E-02      4.626532535091E-02      4.420680799929E-02      4.246784318902E-02      4.095448168380E-02      2.926864563161E-01      1.728090514860E-03
     -1.340000000000E+00      1.615349237522E-01      8.723163447908E-02      6.693876666024E-02      5.814178709137E-02      5.308586623620E-02      4.963744467346E-02      4.702562151918E-02      4.491219715080E-02      4.312627021091E-02      4.157190708908E-02      2.947820545310E-01      1.736825550753E-03
     -1.350000000000E+00      1.636643709810E-01      8.878799631471E-02      6.816232095801E-02      5.918092339586E-02      5.400657755763E-02      5.047215375855E-02      4.779259848973E-02      4.562307792606E-02      4.378920750882E-02      4.219302693287E-02      2.968779013747E-01      1.745348555387E-03
     -1.360000000000E+00      1.658067234874E-01      9.036267488969E-02      6.940138628782E-02      6.023251662112E-02      5.493734009208E-02      5.131504650030E-02      4.856627417093E-02      4.633945170623E-02      4.445664599691E-02      4.281782626918E-02      2.989741009216E-01      1.753661439150E-03
     -1.370000000000E+00      1.679620275024E-01      9.195581870189E-02      7.065612246899E-02      6.129668741067E-02      5.587823176164E-02      5.216616693827E-02      4.934666835530E-02      4.706132199670E-02      4.512857904965E-02      4.344629298543E-02      3.010707615042E-01      1.761765723055E-03
     -1.380000000000E+00      1.701303325945E-01      9.356757793675E-02      7.192669188282E-02      6.237355917479E-02      5.682933306428E-02      5.302556155285E-02      5.013380333075E-02      4.778869501685E-02      4.580500307275E-02      4.407841835436E-02      3.031679950936E-01      1.769663624097E-03
     -1.390000000000E+00      1.723116989826E-01      9.519811106709E-02      7.321326463407E-02      6.346326213961E-02      5.779073030252E-02      5.389328186197E-02      5.092770597256E-02      4.852158137873E-02      4.648591883671E-02      4.471419807525E-02      3.052659247523E-01      1.777357677103E-03
     -1.400000000000E+00      1.745061865620E-01      9.684757472797E-02      7.451601066832E-02      6.456592736623E-02      5.876251102600E-02      5.476938095160E-02      5.172840513397E-02      4.925999417123E-02      4.717133012366E-02      4.535363137613E-02      3.073646740931E-01      1.784850355256E-03
     -1.410000000000E+00      1.767138642096E-01      9.851613206639E-02      7.583510633452E-02      6.568169184976E-02      5.974476803210E-02      5.565391663234E-02      5.253593413523E-02      5.000395090977E-02      4.786124523510E-02      4.599672215568E-02      3.094643763075E-01      1.792145135906E-03
     -1.420000000000E+00      1.789348063510E-01      1.002039496515E-01      7.717073203727E-02      6.681069687522E-02      6.073759826404E-02      5.654695075040E-02      5.335033039582E-02      5.075347342117E-02      4.855567707354E-02      4.664347921493E-02      3.115651697409E-01      1.799244923686E-03
     -1.430000000000E+00      1.811690937488E-01      1.019111977593E-01      7.852307248450E-02      6.795308826778E-02      6.174110306108E-02      5.744854943017E-02      5.417163566485E-02      5.150858805788E-02      4.925464333635E-02      4.729391642585E-02      3.136672010113E-01      1.806153754660E-03
     -1.440000000000E+00      1.834168174253E-01      1.036380545738E-01      7.989232013251E-02      6.910901923963E-02      6.275539056355E-02      5.835878513502E-02      5.499989780162E-02      5.226932724308E-02      4.995816785721E-02      4.794805389288E-02      3.157706262001E-01      1.812876092743E-03
     -1.450000000000E+00      1.856780733625E-01      1.053847002996E-01      8.127867038047E-02      7.027864661782E-02      6.378057272670E-02      5.927773428229E-02      5.583516886674E-02      5.303572794746E-02      5.066627939811E-02      4.860591700264E-02      3.178756070918E-01      1.819415647888E-03
     -1.460000000000E+00      1.879529686815E-01      1.071513229879E-01      8.268232645916E-02      7.146213493261E-02      6.481676880738E-02      6.020548025619E-02      5.667750774383E-02      5.380783397694E-02      5.137901364480E-02      4.926753815918E-02      3.199823190708E-01      1.825779135665E-03
     -1.470000000000E+00      1.902416182630E-01      1.089381163690E-01      8.410349782682E-02      7.265965528633E-02      6.586410458910E-02      6.114211289943E-02      5.752697983538E-02      5.458569582696E-02      5.209641318316E-02      4.993295685288E-02      3.220909443606E-01      1.831971601912E-03
     -1.480000000000E+00      1.925441482732E-01      1.107452817410E-01      8.554240144384E-02      7.387138644734E-02      6.692271338807E-02      6.208772944648E-02      5.838365792341E-02      5.536937146765E-02      5.281852820511E-02      5.060222028309E-02      3.242016740346E-01      1.837998136196E-03
     -1.490000000000E+00      1.948606965017E-01      1.125730285563E-01      8.699926252773E-02      7.509751559363E-02      6.799273676287E-02      6.304243519187E-02      5.924762279243E-02      5.615892691864E-02      5.354541703252E-02      5.127538382927E-02      3.263147141950E-01      1.843866278313E-03
     -1.500000000000E+00      1.971914145030E-01      1.144215769198E-01      8.847431659485E-02      7.633824005825E-02      6.907432604619E-02      6.400634484576E-02      6.011896443005E-02      5.695443730914E-02      5.427714704786E-02      5.195251186113E-02      3.284302822845E-01      1.849583014863E-03
     -1.510000000000E+00      1.995364635949E-01      1.162911520877E-01      8.996780512216E-02      7.759376425304E-02      7.016764027399E-02      6.497958122920E-02      6.099778130742E-02      5.775598660774E-02      5.501379476783E-02      5.263367807312E-02      3.305486090660E-01      1.855156869273E-03
     -1.520000000000E+00      2.018960220501E-01      1.181819934850E-01      9.147998287124E-02      7.886430539452E-02      7.127285066218E-02      6.596227876073E-02      6.188418305805E-02      5.856366962856E-02      5.575544728264E-02      5.331896644299E-02      3.326699373029E-01      1.860595674453E-03
     -1.530000000000E+00      2.042702802373E-01      1.200943478117E-01      9.301111238259E-02      8.015008941764E-02      7.239013764380E-02      6.695458136637E-02      6.277828907752E-02      5.937759118491E-02      5.650220185894E-02      5.400847120074E-02      3.347945241764E-01      1.865908353884E-03
     -1.540000000000E+00      2.066594516640E-01      1.220284810657E-01      9.456147393123E-02      8.145135920284E-02      7.351969778707E-02      6.795664834648E-02      6.368023350216E-02      6.019787029520E-02      5.725416946260E-02      5.470229974342E-02      3.369226482914E-01      1.871104814658E-03
     -1.550000000000E+00      2.090637672768E-01      1.239846721719E-01      9.613136026027E-02      8.276837036574E-02      7.466174040190E-02      6.896865161277E-02      6.459016294743E-02      6.102463833124E-02      5.801147324936E-02      5.540057141624E-02      3.390546043686E-01      1.876196464467E-03
     -1.560000000000E+00      2.114834739059E-01      1.259632102375E-01      9.772107467065E-02      8.410139043117E-02      7.581648760319E-02      6.999077638828E-02      6.550823763193E-02      6.185804040426E-02      5.877425009254E-02      5.610341909431E-02      3.411907046566E-01      1.881194671844E-03
     -1.570000000000E+00      2.139188472223E-01      1.279644093637E-01      9.933094306801E-02      8.545070802983E-02      7.698418124842E-02      7.102322641385E-02      6.643463525162E-02      6.269823820717E-02      5.954265262479E-02      5.681099060587E-02      3.433312866034E-01      1.886113045135E-03
     -1.580000000000E+00      2.163701823922E-01      1.299885974440E-01      1.009613050608E-01      8.681662675456E-02      7.816507903850E-02      7.206622172180E-02      6.736954996681E-02      6.354540986743E-02      6.031684969612E-02      5.752344959980E-02      3.454767057714E-01      1.890964798027E-03
     -1.590000000000E+00      2.188378068161E-01      1.320361303128E-01      1.026125255648E-01      8.819947407031E-02      7.935946126933E-02      7.312000371192E-02      6.831319616712E-02      6.439975267854E-02      6.109702828966E-02      5.824097682068E-02      3.476273453746E-01      1.895765014261E-03
     -1.600000000000E+00      2.213220767226E-01      1.341073855259E-01      1.042849899468E-01      8.959959805649E-02      8.056762886256E-02      7.418483415232E-02      6.926580819303E-02      6.526148335706E-02      6.188339417787E-02      5.896377106403E-02      3.497836198561E-01      1.900530142728E-03
     -1.610000000000E+00      2.238233748263E-01      1.362027615669E-01      1.059791035597E-01      9.101736788951E-02      8.178990472945E-02      7.526099715662E-02      7.022764266781E-02      6.613084052718E-02      6.267617441276E-02      5.969205156956E-02      3.519459648053E-01      1.905277893028E-03
     -1.620000000000E+00      2.263421299239E-01      1.383226985639E-01      1.076953089362E-01      9.245318675495E-02      8.302664310209E-02      7.634880574366E-02      7.119898294470E-02      6.700808756660E-02      6.347561896948E-02      6.042605877738E-02      3.541148549490E-01      1.910027220855E-03
     -1.630000000000E+00      2.288788025408E-01      1.404676596197E-01      1.094340706673E-01      9.390748145180E-02      8.427822312747E-02      7.744859845540E-02      7.218013793888E-02      6.789351303294E-02      6.428200230268E-02      6.116605666732E-02      3.562908000872E-01      1.914800551008E-03
     -1.640000000000E+00      2.314339034798E-01      1.426381539708E-01      1.111958946472E-01      9.538071705801E-02      8.554505974576E-02      7.856074729573E-02      7.317144780321E-02      6.878743459920E-02      6.509562595090E-02      6.191233435707E-02      3.584743451940E-01      1.919617562331E-03
     -1.650000000000E+00      2.340079901026E-01      1.448347298948E-01      1.129813225648E-01      9.687339377615E-02      8.682760253784E-02      7.968565802345E-02      7.417328518167E-02      6.969020089788E-02      6.591682070240E-02      6.266520839864E-02      3.606660822867E-01      1.924504535829E-03
     -1.660000000000E+00      2.366016759123E-01      1.470579851945E-01      1.147909409247E-01      9.838605434528E-02      8.812634181049E-02      8.082377519468E-02      7.518605943160E-02      7.060219510085E-02      6.674594968088E-02      6.342502549551E-02      3.628666506887E-01      1.929488108785E-03
     -1.670000000000E+00      2.392156309917E-01      1.493085651577E-01      1.166253796427E-01      9.991928380115E-02      8.944180936938E-02      8.197558368334E-02      7.621021865798E-02      7.152383729254E-02      6.758341093557E-02      6.419216522748E-02      3.650767432508E-01      1.934598800527E-03
     -1.680000000000E+00      2.418506015048E-01      1.515871861548E-01      1.184853319428E-01      1.014737252482E-01      9.077459090191E-02      8.314161833481E-02      7.724625713522E-02      7.245559004684E-02      6.842964148929E-02      6.496704283533E-02      3.672971157587E-01      1.939870213869E-03
     -1.690000000000E+00      2.445073965347E-01      1.538946193749E-01      1.203715414487E-01      1.030500715824E-01      9.212532160876E-02      8.432246255434E-02      7.829471605129E-02      7.339796071628E-02      6.928512072022E-02      6.575011336158E-02      3.695285723682E-01      1.945335011104E-03
     -1.700000000000E+00      2.471869241429E-01      1.562317259299E-01      1.222848317022E-01      1.046490880757E-01      9.349470296804E-02      8.551876057157E-02      7.935619236127E-02      7.435150772754E-02      7.015037476997E-02      6.654187470237E-02      3.717720151323E-01      1.951035615327E-03
     -1.710000000000E+00      2.498901806650E-01      1.585994499055E-01      1.242261009741E-01      1.062716106917E-01      9.488350413693E-02      8.673122102769E-02      8.043134373730E-02      7.531684625646E-02      7.102598247687E-02      6.734287346564E-02      3.740284067207E-01      1.957013603846E-03
     -1.720000000000E+00      2.526182615091E-01      1.609988238402E-01      1.261963277607E-01      1.079185505252E-01      9.629256531749E-02      8.796061954583E-02      8.152089063271E-02      7.629465004014E-02      7.191257715406E-02      6.815370689882E-02      3.762988045214E-01      1.963315656227E-03
     -1.730000000000E+00      2.553723974808E-01      1.634310108856E-01      1.281966062367E-01      1.095909231927E-01      9.772282235401E-02      8.920781945508E-02      8.262563377832E-02      7.728566612500E-02      7.281085896619E-02      6.897503319981E-02      3.785843733967E-01      1.969995650873E-03
     -1.740000000000E+00      2.581539437325E-01      1.658972862207E-01      1.302281320077E-01      1.112898400808E-01      9.917530255315E-02      9.047377103754E-02      8.374645590257E-02      7.829071835345E-02      7.372159968479E-02      6.980757719888E-02      3.808863865576E-01      1.977111361915E-03
     -1.750000000000E+00      2.609644149941E-01      1.683990809362E-01      1.322922396968E-01      1.130165375463E-01      1.006511466737E-01      9.175952783008E-02      8.488433363182E-02      7.931071587531E-02      7.464564860145E-02      7.065213429079E-02      3.832062471256E-01      1.984727162885E-03
     -1.760000000000E+00      2.638055009847E-01      1.709379891685E-01      1.343904101287E-01      1.147723865595E-01      1.021516209402E-01      9.306626033980E-02      8.604035224829E-02      8.034666843515E-02      7.558394798060E-02      7.150958580683E-02      3.855455096901E-01      1.992916888433E-03
     -1.770000000000E+00      2.666790903406E-01      1.735158003272E-01      1.365242986382E-01      1.165589153426E-01      1.036781346778E-01      9.439526969386E-02      8.721571625028E-02      8.139969455848E-02      7.653753943186E-02      7.238090400831E-02      3.879058847718E-01      2.001759894008E-03
     -1.780000000000E+00      2.695873069560E-01      1.761345271181E-01      1.386957603887E-01      1.183778331907E-01      1.052322630326E-01      9.574800932597E-02      8.841176998957E-02      8.247104114828E-02      7.750758252100E-02      7.326716980336E-02      3.902892872274E-01      2.011347008209E-03
     -1.790000000000E+00      2.725325299966E-01      1.787964344895E-01      1.409068766600E-01      1.202310531701E-01      1.068157664362E-01      9.712610167167E-02      8.963001200065E-02      8.356209578174E-02      7.849536530985E-02      7.416958175740E-02      3.926978343987E-01      2.021782212536E-03
     -1.800000000000E+00      2.755174587517E-01      1.815040950431E-01      1.431600037902E-01      1.221207354502E-01      1.084306294039E-01      9.853137332518E-02      9.087212719902E-02      8.467441648812E-02      7.950233215509E-02      7.508948228001E-02      3.951339210727E-01      2.033182829889E-03
     -1.810000000000E+00      2.785451424889E-01      1.842604290294E-01      1.454578088953E-01      1.240493182229E-01      1.100790873700E-01      9.996587850433E-02      9.214000755576E-02      8.580975009838E-02      8.053010011011E-02      7.602837238495E-02      3.976002151636E-01      2.045682087033E-03
     -1.820000000000E+00      2.816190358179E-01      1.870687583895E-01      1.478033204362E-01      1.260195639379E-01      1.117636686990E-01      1.014319371277E-01      9.343578654442E-02      8.697006336372E-02      8.158048701305E-02      7.698793703456E-02      4.000997163167E-01      2.059426635052E-03
     -1.830000000000E+00      2.847430954375E-01      1.899328955156E-01      1.502000067469E-01      1.280346283776E-01      1.134872562193E-01      1.029321906599E-01      9.476189078567E-02      8.815759153123E-02      8.265555784229E-02      7.797008990674E-02      4.026358463784E-01      2.074591798330E-03
     -1.840000000000E+00      2.879218476523E-01      1.928572238250E-01      1.526518470313E-01      1.300981197751E-01      1.152531357212E-01      1.044696415571E-01      9.612107181214E-02      8.937486356954E-02      8.375764434965E-02      7.897698822306E-02      4.052124950886E-01      2.091384045957E-03
     -1.850000000000E+00      2.911605028755E-01      1.958468075564E-01      1.551634336192E-01      1.322141948550E-01      1.170650866953E-01      1.060477394579E-01      9.751648831899E-02      9.062478096661E-02      8.488942080011E-02      8.001110575240E-02      4.078340993057E-01      2.110033528209E-03
     -1.860000000000E+00      2.944650880855E-01      1.989075238114E-01      1.577400898882E-01      1.343876601684E-01      1.189274690699E-01      1.076704558506E-01      9.895177097625E-02      9.191067448791E-02      8.605395412032E-02      8.107527750746E-02      4.105057846558E-01      2.130823800474E-03
     -1.870000000000E+00      2.978426156562E-01      2.020462430491E-01      1.603880323233E-01      1.366241157705E-01      1.208453510907E-01      1.093423988528E-01      1.004311263965E-01      9.323639914286E-02      8.725479125938E-02      8.217278057002E-02      4.132334469044E-01      2.154068128859E-03
     -1.880000000000E+00      3.013012880374E-01      2.052710332000E-01      1.631145610967E-01      1.389301273996E-01      1.228246647819E-01      1.110689547014E-01      1.019594671450E-01      9.460645475459E-02      8.849607195528E-02      8.330744036712E-02      4.160239837095E-01      2.180165566963E-03
     -1.890000000000E+00      3.048507816491E-01      2.085914332955E-01      1.659282994525E-01      1.413134351314E-01      1.248723882741E-01      1.128564481906E-01      1.035425541548E-01      9.602611345619E-02      8.978264371133E-02      8.448373495995E-02      4.188854749463E-01      2.209568598830E-03
     -1.900000000000E+00      3.085025622545E-01      2.120188053511E-01      1.688395231750E-01      1.437832506983E-01      1.269968137727E-01      1.147123850546E-01      1.051872167801E-01      9.750162021459E-02      9.112024526041E-02      8.570696364961E-02      4.218274722557E-01      2.242855506059E-03
     -1.910000000000E+00      3.122703879083E-01      2.155668212374E-01      1.718605983337E-01      1.463506432433E-01      1.292078875959E-01      1.166457555316E-01      1.069016284273E-01      9.904044721386E-02      9.251574454116E-02      8.698347191614E-02      4.248613957446E-01      2.280719400549E-03
     -1.920000000000E+00      3.161708362329E-01      2.192520075040E-01      1.750064843709E-01      1.490290037506E-01      1.315176405185E-01      1.186674325504E-01      1.086956737371E-01      1.006516313989E-01      9.397744838631E-02      8.832093534418E-02      4.280009429414E-01      2.324020972011E-03
     -1.930000000000E+00      3.202241527750E-01      2.230946161848E-01      1.782955284908E-01      1.518347389319E-01      1.339407900527E-01      1.207906998512E-01      1.105814192365E-01      1.023462010445E-01      9.551549501252E-02      8.972872529454E-02      4.312628390361E-01      2.373867691875E-03
     -1.940000000000E+00      3.244553492894E-01      2.271197244854E-01      1.817504760603E-01      1.547881957741E-01      1.364955894851E-01      1.230320344459E-01      1.125738366665E-01      1.041378463396E-01      9.714247745261E-02      9.121849011884E-02      4.346677054865E-01      2.431674099032E-03
     -1.950000000000E+00      3.288956602602E-01      2.313587383029E-01      1.853998591920E-01      1.579149096822E-01      1.392049470244E-01      1.254121156427E-01      1.146917198687E-01      1.060437592440E-01      9.887421856038E-02      9.280487502269E-02      4.382412884883E-01      2.499307023679E-03
     -1.960000000000E+00      3.335846232885E-01      2.358515635595E-01      1.892800015360E-01      1.612474172572E-01      1.420980626825E-01      1.279573090144E-01      1.169590375274E-01      1.080858735502E-01      1.007309137617E-01      9.450658016039E-02      4.420160434717E-01      2.579234754450E-03
     -1.970000000000E+00      3.385730656134E-01      2.406496858068E-01      1.934378952749E-01      1.648278836458E-01      1.452128225653E-01      1.307018568436E-01      1.194069482822E-01      1.102927293347E-01      1.027388654252E-01      9.634798194168E-02      4.460336720645E-01      2.674855012693E-03
     -1.980000000000E+00      3.439274949085E-01      2.458206767692E-01      1.979353793755E-01      1.687118842890E-01      1.485992118579E-01      1.336909719962E-01      1.220766244684E-01      1.127020686986E-01      1.049328851723E-01      9.836136986636E-02      4.503487396786E-01      2.790954049065E-03
     -1.990000000000E+00      3.497361368394E-01      2.514547282309E-01      2.028553229592E-01      1.729740828780E-01      1.523244984723E-01      1.369855764859E-01      1.250235994958E-01      1.153648414424E-01      1.073600009090E-01      1.005903917097E-01      4.550333386888E-01      2.934408114069E-03
     -2.000000000000E+00      3.561192330553E-01      2.576753068919E-01      2.083116698057E-01      1.777174879861E-01      1.564817291683E-01      1.406701162268E-01      1.283249865282E-01      1.183519055379E-01      1.100857063693E-01      1.030959091288E-01      4.601856630794E-01      3.115573619181E-03
      0.000000000000E+00      1.006408290039E-10      7.385647649016E-12      5.539124714460E-12      4.923617069608E-12      4.615863247182E-12      4.431566225094E-12      4.308109424755E-12      4.220179761205E-12      4.154454558147E-12      4.102940209805E-12      3.778224297868E-06      2.013500477460E-12
#
#
# Calculation finished at  2022-10-16 07:24:04